194
219
219
219
219
217
209
116
200
290
208
209
208
209
208
209
208
116
320
209
208
209
209
208
209
209
208
241
209
208
121
293
208
209
208
209
208
209
208
208
127
430
293
284
217
307
219
218
219
143
219
219
144
219
219
143
219
219
146
219
219
143
220
219
142
219
219
143
219
219
144
219
219
142
219
220
142
219
219
144
220
218
136
219
219
212
209
208
208
209
208
209
209
209
208
208
209
208
209
209
208
209
209
147
1232
219
219
219
214
209
209
208
209
209
208
208
209
209
208
209
209
208
209
209
208
209
208
209
209
208
209
127
285
437
311
219
242
303
207
375
369
239
144
219
200
316
219
219
219
138
219
219
212
208
209
208
209
208
209
209
208
209
209
208
209
173
296
209
208
209
209
208
209
209
208
209
209
208
209
208
208
209
209
208
209
209
208
209
209
208
209
209
209
115
209
373
266
282
314
266
219
206
308
219
219
219
141
219
219
137
219
219
213
208
208
209
208
209
209
208
209
208
209
209
208
209
209
208
209
130
286
520
292
375
219
238
320
209
200
208
277
382
293
189
319
218
219
310
219
219
219
213
208
209
208
221
208
209
208
209
208
209
208
209
209
208
209
208
209
208
209
208
209
208
209
209
208
209
209
208
209
208
209
162
316
219
219
219
219
137
219
293
208
117
288
209
208
209
209
208
209
209
121
204
239
292
191
404
293
192
208
293
219
219
189
308
219
219
220
142
###################### Average Latency of 320 DELETE operation is: 221 ms #######################