363
406
608
628
330
406
332
407
329
407
330
406
329
405
331
405
331
407
330
407
331
406
329
407
277
617
535
534
328
316
376
443
765
282
472
377
495
406
327
405
328
406
327
405
328
407
327
407
328
406
327
405
329
336
665
766
334
570
279
699
276
613
276
473
405
329
406
327
405
328
406
328
406
284
800
405
425
449
406
273
616
276
655
332
407
329
406
330
407
328
407
327
407
327
406
328
406
327
407
327
407
328
406
329
407
331
343
370
455
513
446
363
593
418
483
842
279
626
405
396
699
327
406
331
406
331
300
614
532
330
406
330
405
330
406
280
783
364
447
618
362
473
495
406
330
301
616
534
326
405
328
305
617
332
406
326
405
325
406
328
406
329
407
330
406
330
406
330
406
331
406
329
354
623
394
623
331
405
327
329
623
329
407
326
380
449
370
869
367
474
384
517
406
330
406
329
310
781
635
413
552
520
636
405
397
496
318
616
330
407
331
407
329
407
329
407
329
406
329
407
328
407
327
405
328
406
332
407
328
406
327
407
328
407
327
566
627
330
405
330
407
330
406
329
407
328
407
328
310
617
532
327
407
328
406
326
407
328
405
328
407
331
405
330
406
331
407
332
405
330
406
328
407
330
406
327
406
325
406
327
407
326
406
326
407
326
406
326
407
328
406
327
405
325
407
326
405
271
615
535
534
535
329
406
270
617
329
299
618
328
406
329
407
329
406
334
407
330
406
329
406
330
406
285
446
583
447
621
405
383
516
407
330
406
325
407
330
406
330
406
330
406
330
406
330
407
405
407
338
406
332
406
328
406
331
309
407
767
282
595
536
430
615
330
406
276
615
333
407
329
406
329
406
330
407
330
297
615
533
329
407
330
312
441
513
443
366
701
300
496
406
327
406
327
405
330
406
330
406
329
302
617
535
329
406
330
388
696
508
466
628
377
496
406
328
405
327
407
328
406
329
406
329
406
328
406
329
407
330
405
330
407
299
791
630
371
472
377
496
407
329
406
327
406
328
406
330
406
329
406
330
406
281
578
708
280
760
274
559
434
327
406
272
470
482
406
327
406
274
439
445
512
443
366
700
299
496
406
326
407
328
405
331
406
329
407
329
406
328
407
327
406
332
405
330
406
329
406
330
407
328
405
329
406
329
407
329
407
326
406
333
405
331
405
330
406
284
620
331
331
446
837
280
521
396
544
406
328
406
326
405
325
407
326
407
272
617
476
439
329
406
330
406
329
406
325
406
328
303
360
619
328
406
325
407
333
406
327
407
328
407
324
407
325
406
327
406
324
406
325
407
325
407
326
406
328
406
330
406
335
406
331
407
328
406
330
405
276
617
534
535
280
559
330
398
842
279
522
383
478
615
329
302
617
329
407
330
406
333
406
327
407
329
405
328
406
327
406
325
406
327
407
282
534
448
870
278
473
385
495
406
328
407
332
406
329
406
328
301
615
534
334
297
617
329
406
329
407
326
405
327
406
327
406
328
405
282
672
274
513
443
366
446
740
440
610
427
408
406
327
407
280
621
534
329
407
330
406
327
406
327
406
329
407
328
407
331
407
330
310
443
786
370
700
276
475
617
326
406
330
406
327
407
274
617
287
445
839
371
474
397
515
406
328
303
615
535
330
406
330
407
331
407
329
406
328
406
274
617
535
277
617
329
307
694
292
513
463
367
700
281
495
406
330
407
326
406
326
407
326
405
290
435
617
534
328
407
329
407
329
407
328
405
328
405
560
276
615
327
405
328
407
326
407
327
405
331
405
327
407
308
623
534
330
407
330
405
330
408
328
405
327
405
325
407
328
406
328
406
331
406
330
406
330
407
328
406
328
406
331
405
330
343
623
533
273
615
333
407
328
405
329
362
510
555
795
592
397
498
495
406
328
407
329
405
330
407
331
297
617
534
328
407
331
625
331
406
328
407
333
407
330
406
331
407
272
617
532
330
407
330
407
327
407
328
407
329
407
327
406
328
407
330
405
330
408
327
405
328
406
327
376
703
295
910
694
499
406
460
466
406
329
406
407
331
303
554
623
330
407
328
407
330
405
327
315
448
513
442
371
701
281
496
406
330
406
329
406
328
407
329
406
329
584
535
330
407
330
405
330
406
330
407
330
406
329
406
327
406
325
303
617
532
535
330
407
328
407
326
407
327
406
330
407
328
406
331
406
329
405
325
373
623
532
329
406
327
405
325
405
330
407
328
406
329
407
328
406
327
407
327
407
326
405
326
406
325
407
327
407
326
406
330
406
324
406
325
405
279
620
622
471
367
699
281
495
330
747
538
474
376
496
406
329
407
331
406
329
407
328
407
327
406
327
407
327
407
327
406
327
406
279
377
862
625
406
384
517
406
327
407
329
407
329
407
328
407
329
405
333
407
329
405
328
406
329
406
328
406
286
803
550
702
293
472
407
328
406
328
407
327
406
327
405
332
406
276
617
460
472
327
407
327
407
327
407
285
442
764
279
474
392
443
617
328
405
328
406
328
405
327
407
327
407
328
405
327
406
327
407
332
406
329
406
330
407
330
406
329
407
328
406
330
407
329
301
617
533
534
327
406
326
406
327
406
331
406
330
406
328
406
325
407
331
406
329
406
330
406
329
407
334
407
330
407
327
406
329
406
327
406
332
407
329
405
330
407
326
406
329
407
328
564
535
418
366
454
513
455
367
699
281
495
407
327
406
332
405
329
407
328
407
331
407
331
406
328
406
325
407
333
407
330
406
331
359
622
534
534
330
406
330
405
328
407
330
407
328
406
330
407
328
405
329
407
329
407
330
407
325
405
324
406
326
406
327
406
326
406
327
407
331
406
330
406
326
407
389
614
427
699
280
866
363
473
399
496
407
329
407
329
407
330
351
623
535
330
407
330
407
329
407
284
357
505
491
459
367
701
372
495
407
329
407
328
407
328
407
329
405
334
406
330
407
327
406
328
406
328
407
329
405
329
405
330
406
324
405
329
407
329
407
328
406
279
801
549
703
291
496
407
328
407
330
406
329
407
330
406
330
405
332
407
328
406
333
405
328
407
330
407
329
405
329
407
330
407
280
442
597
626
649
428
406
407
281
612
329
407
328
407
329
406
330
407
328
304
614
535
332
407
329
407
327
405
328
405
328
406
325
407
327
407
327
405
328
406
285
614
534
535
329
407
329
407
328
405
272
617
535
328
407
325
407
327
407
327
406
327
406
327
406
327
406
328
405
331
301
615
532
337
623
329
405
328
407
328
400
623
330
406
276
614
278
616
329
407
328
304
616
330
407
330
405
328
406
331
406
328
315
358
468
513
463
367
702
371
496
406
331
406
328
407
329
407
329
407
330
406
328
565
275
618
534
329
405
330
405
329
406
330
406
331
407
328
407
330
405
329
407
331
562
534
532
325
407
330
406
329
405
330
407
330
405
329
303
617
310
623
328
299
616
276
616
330
406
333
405
326
407
333
405
329
302
614
535
328
407
328
407
331
406
327
407
336
406
330
406
329
406
324
407
325
405
299
623
535
271
365
356
450
557
451
367
701
372
494
407
330
406
326
406
327
407
327
406
330
407
327
406
324
406
329
406
329
407
328
407
329
405
326
407
271
615
485
623
328
406
327
407
327
407
327
407
328
406
329
407
332
406
327
407
327
406
328
405
327
405
330
406
328
407
329
406
335
406
331
405
330
405
330
406
332
406
327
407
330
405
330
406
329
406
330
407
328
405
330
407
330
406
331
406
330
406
330
406
328
405
325
405
328
405
329
407
329
406
329
406
330
407
330
407
330
405
329
405
332
406
330
407
328
405
329
406
328
406
330
407
327
406
329
407
326
405
325
407
326
407
280
858
371
701
278
476
617
328
407
329
406
329
406
327
406
327
406
328
406
327
407
327
406
327
407
327
405
326
406
325
405
328
315
439
514
442
378
699
281
496
584
326
406
329
406
330
406
330
407
331
406
330
297
617
532
327
588
326
406
339
407
330
407
330
406
331
407
330
407
328
407
327
407
272
615
271
617
535
332
407
330
407
329
405
331
406
331
405
274
617
534
332
405
326
407
327
406
327
406
330
407
330
407
330
406
330
405
329
407
330
405
326
407
329
313
621
535
534
331
406
328
407
330
406
332
407
331
405
329
407
329
407
330
405
329
405
330
407
327
309
357
464
514
466
367
701
372
496
405
328
406
329
621
331
406
274
615
329
406
278
617
331
407
328
405
329
408
331
406
331
406
329
405
326
406
326
406
331
407
327
407
329
407
328
406
330
406
328
407
329
407
325
406
326
406
324
407
325
406
326
406
329
407
330
407
329
407
326
405
331
407
328
407
328
406
331
405
331
407
330
407
328
406
329
406
330
406
332
406
328
407
329
406
330
406
332
406
331
406
330
407
329
407
330
407
332
405
333
406
328
407
337
407
330
407
327
405
326
406
327
407
331
406
330
405
329
406
328
407
331
406
282
615
534
535
534
327
407
328
406
329
407
326
407
327
405
327
407
330
405
335
363
623
532
330
406
330
406
331
405
329
407
330
406
332
407
329
406
330
407
330
406
328
407
328
406
328
406
330
407
273
617
282
691
366
505
446
367
699
281
469
374
765
371
473
378
494
406
332
406
278
357
645
327
406
333
405
330
405
331
405
329
405
329
407
328
407
406
326
300
616
534
534
327
405
328
408
327
405
327
406
327
405
330
407
326
406
328
407
328
407
331
406
327
406
329
407
327
405
326
407
325
407
328
407
330
405
333
407
327
405
325
407
327
406
327
406
326
406
328
406
326
407
326
407
330
617
535
534
332
406
329
406
277
617
329
407
277
618
366
505
457
367
702
281
496
406
331
406
325
312
736
535
327
407
326
406
327
407
327
406
321
406
327
407
329
406
330
405
329
405
326
406
325
407
326
407
330
358
623
535
534
330
405
330
405
330
406
330
405
330
406
406
407
328
405
326
406
328
406
329
407
327
407
327
587
326
407
326
405
273
616
534
327
406
328
406
332
406
330
407
329
405
329
406
331
406
330
407
330
407
328
643
534
327
407
327
407
328
406
328
406
327
406
327
406
328
406
329
406
328
380
623
534
328
407
330
406
329
407
274
613
533
288
621
330
407
329
407
329
366
623
331
406
329
406
329
407
329
406
330
406
330
406
330
405
330
406
330
405
332
407
329
406
328
406
328
407
331
406
330
406
333
406
327
406
331
406
330
405
329
407
329
323
622
532
534
278
620
366
505
453
366
701
281
494
407
327
406
329
407
329
407
329
407
328
406
327
407
325
406
328
407
329
407
330
407
330
405
327
405
326
407
327
407
324
406
327
406
327
407
327
406
328
405
329
406
330
406
335
407
330
407
330
407
330
406
330
406
330
406
331
406
330
405
330
406
331
406
285
443
615
276
448
474
393
473
407
328
299
617
532
329
407
330
406
330
406
329
406
331
406
331
405
333
407
326
407
331
406
283
358
464
513
463
368
701
372
495
407
329
406
328
407
330
406
330
406
277
617
535
294
623
332
407
277
615
329
405
327
407
327
406
328
407
329
408
327
405
329
406
330
406
329
406
329
407
328
406
330
406
332
407
330
407
327
407
329
407
330
630
535
534
329
405
329
406
327
406
270
617
534
331
406
329
406
326
303
617
534
331
406
328
406
328
405
328
405
328
406
328
406
328
406
328
407
329
407
329
406
328
405
330
405
274
617
535
534
330
407
328
406
327
406
326
407
329
406
329
407
330
406
333
405
330
406
330
406
329
406
329
407
329
407
328
406
327
407
325
407
327
407
325
407
329
406
330
406
329
405
331
405
330
406
330
406
329
407
328
406
329
406
274
617
534
535
534
326
406
328
407
326
406
330
407
329
405
329
407
332
407
322
406
329
303
615
532
535
331
406
331
406
331
407
327
407
330
406
329
407
329
407
330
406
330
407
330
406
329
405
334
407
331
407
328
407
328
406
325
406
328
405
329
406
331
406
330
405
272
615
532
535
331
406
330
406
328
407
330
405
330
406
331
406
330
406
326
407
327
408
329
406
327
407
330
407
287
557
619
534
330
407
329
407
332
406
272
615
534
328
407
330
407
272
617
329
407
330
407
338
406
327
406
328
406
328
406
336
407
326
406
328
406
329
407
330
406
331
407
330
406
328
406
329
407
283
784
466
628
426
405
407
405
330
406
330
407
271
615
534
328
406
326
406
328
407
329
406
272
617
535
332
406
331
406
329
406
330
406
327
406
329
406
330
300
617
534
534
329
406
329
407
329
407
329
405
329
406
328
407
329
406
332
406
326
407
326
407
329
407
329
407
330
407
326
407
327
302
618
534
534
330
406
330
407
329
407
330
406
329
407
329
406
331
407
329
406
329
405
328
407
327
405
331
406
330
406
330
407
329
406
275
618
534
534
330
407
330
407
330
564
329
406
330
406
328
405
330
406
328
406
333
406
330
406
330
405
330
405
277
678
532
329
407
330
407
329
406
330
407
329
406
331
407
331
406
330
406
330
405
329
407
330
407
330
406
329
406
330
407
329
407
329
407
329
406
330
407
327
407
330
407
329
406
329
406
332
406
329
337
623
532
535
334
405
331
406
330
406
329
406
332
405
330
406
327
406
331
405
326
406
330
406
330
405
329
406
326
406
329
407
328
405
331
406
329
407
327
406
329
406
329
407
327
406
325
406
326
405
327
406
326
407
325
311
623
534
535
532
326
406
287
442
763
280
472
391
474
405
328
407
327
407
327
407
327
407
328
406
328
405
327
405
330
300
617
276
617
534
326
406
325
406
326
407
324
406
325
407
329
406
330
405
328
404
332
405
330
405
327
407
327
406
326
406
275
695
533
532
34
406
407
328
407
331
407
329
407
330
405
328
407
328
406
329
405
331
405
330
406
329
406
327
407
331
406
331
407
328
309
374
765
371
701
277
476
617
330
406
336
406
325
407
325
406
329
406
332
405
329
407
330
405
327
406
275
617
534
533
329
407
330
406
329
384
625
329
405
330
405
328
406
328
406
329
406
331
365
622
532
329
406
330
407
329
405
330
407
325
407
327
406
329
406
405
407
406
328
406
329
406
328
407
330
406
329
407
329
405
329
405
329
626
535
534
329
406
330
407
332
405
330
406
332
406
327
303
618
534
333
406
330
407
328
407
330
407
328
407
329
406
330
407
326
407
326
405
326
405
326
406
325
406
275
619
327
405
326
406
329
406
330
405
334
407
329
407
327
405
328
407
329
405
329
407
332
405
328
407
330
406
332
405
327
405
328
406
327
407
327
407
328
406
327
406
331
406
331
405
328
406
329
407
330
405
330
406
327
406
327
407
329
405
331
407
328
405
329
406
330
405
326
407
331
405
329
406
328
405
328
406
331
407
328
407
332
406
329
407
333
407
329
407
329
406
331
406
330
299
617
535
534
533
323
407
326
407
326
406
326
406
330
405
330
406
330
405
275
617
534
533
326
405
327
406
326
405
331
407
329
406
334
407
333
405
328
407
329
407
330
406
330
407
329
406
330
406
330
405
330
407
328
406
276
620
332
406
273
443
621
330
406
328
407
329
407
328
407
330
406
333
406
276
617
533
330
406
329
405
328
405
327
405
327
406
328
406
327
406
328
407
330
405
330
303
617
535
532
279
662
326
406
330
406
332
407
329
407
330
407
330
407
329
407
328
406
329
406
329
405
330
406
330
406
330
405
328
405
284
784
629
371
473
378
496
406
330
406
326
405
327
407
327
406
326
406
327
407
327
407
327
407
325
332
623
533
534
327
407
326
407
329
407
328
406
327
407
329
407
330
406
329
405
326
406
331
407
327
407
328
389
623
533
534
330
406
329
407
328
407
328
310
614
532
330
406
330
406
329
405
333
407
331
406
331
406
329
407
330
408
331
407
328
407
330
406
328
406
328
407
354
407
330
405
331
407
329
407
329
407
334
405
330
406
330
407
327
407
329
407
329
406
329
407
328
407
330
405
332
405
328
406
329
407
326
406
332
406
329
405
326
575
624
532
327
406
329
406
329
407
330
406
331
406
331
406
329
406
328
385
623
535
329
406
329
406
328
405
327
405
328
406
330
406
328
407
328
406
330
406
330
406
328
406
330
405
330
406
326
406
326
405
328
406
326
407
336
406
328
407
329
407
329
407
327
406
325
406
327
407
326
406
326
343
621
532
329
407
328
406
328
406
405
275
615
535
330
407
327
406
329
407
328
406
330
406
329
406
330
407
327
407
326
407
325
406
326
406
325
407
326
406
328
407
326
407
330
407
328
407
330
405
330
405
330
407
330
406
330
407
330
406
333
300
365
621
534
533
534
330
407
330
405
328
406
330
406
334
407
328
406
325
406
331
406
325
407
326
406
326
406
325
405
329
406
329
407
324
407
273
622
534
534
328
406
325
406
327
407
331
407
325
407
325
406
325
406
326
406
326
407
326
406
327
406
325
407
326
406
326
407
327
407
329
406
330
407
326
407
336
305
858
492
639
416
622
331
406
329
407
330
406
330
406
328
407
328
406
331
406
329
299
617
535
534
272
617
328
407
331
407
330
407
329
406
328
406
331
405
330
407
331
407
329
406
327
407
326
302
618
534
534
328
406
329
406
327
407
327
405
327
406
329
405
328
407
330
406
330
406
329
407
328
407
330
407
327
407
331
405
330
407
326
406
328
305
617
535
534
329
407
329
406
284
611
330
306
613
329
407
335
407
330
407
329
406
328
407
329
407
329
405
330
407
327
407
327
407
333
406
329
405
326
406
327
407
327
406
327
406
327
407
327
407
332
406
330
407
269
617
532
534
275
617
330
406
329
406
329
407
329
298
358
623
535
330
406
328
406
329
406
333
406
325
407
330
406
328
405
329
407
329
406
329
407
330
406
329
407
332
405
334
405
328
406
330
407
330
406
330
406
331
407
330
407
330
407
332
406
331
405
331
406
323
407
327
407
328
407
327
407
327
302
616
278
616
532
534
279
616
330
407
329
406
328
405
330
406
330
301
630
533
330
406
330
407
330
407
330
406
331
407
329
405
325
406
329
405
330
405
280
617
535
534
330
406
330
407
329
407
330
407
330
405
331
407
327
407
327
407
327
407
327
406
328
407
326
406
327
406
331
295
615
534
535
329
406
330
405
329
405
330
565
535
329
406
329
405
330
407
278
615
534
329
406
325
407
330
406
330
407
329
406
329
406
329
405
328
407
327
405
330
406
329
406
329
406
327
407
329
407
328
406
329
407
328
407
329
405
329
406
330
407
329
407
289
443
764
370
701
277
475
617
324
406
329
406
329
406
329
382
623
330
407
328
406
326
406
330
406
327
406
331
407
330
406
329
405
329
406
330
406
331
406
329
406
327
406
328
301
618
532
532
327
406
328
406
329
407
330
405
328
603
534
331
406
331
406
327
407
326
407
327
407
328
406
329
406
330
407
330
406
330
406
331
406
330
406
330
405
331
407
330
406
326
407
328
407
329
406
329
405
331
405
327
309
702
534
535
334
405
329
406
329
405
330
405
327
407
329
407
325
406
328
405
330
407
329
407
327
407
332
405
286
499
623
533
332
407
330
407
329
565
328
405
330
407
325
405
330
407
330
407
330
407
329
407
329
407
275
617
533
534
328
405
330
406
328
406
326
406
326
406
327
406
330
407
327
407
329
406
328
407
329
407
287
613
415
772
278
731
280
474
406
331
405
407
405
331
406
329
407
330
406
329
406
327
407
328
406
329
407
332
405
332
405
328
407
329
407
330
301
359
361
615
532
534
327
334
621
329
406
330
407
330
407
330
407
329
611
533
331
407
329
405
326
407
275
615
532
331
407
328
407
327
406
328
406
330
405
328
407
329
406
330
406
331
406
328
322
624
532
534
327
406
332
406
330
405
330
405
329
405
329
406
330
406
327
406
332
407
329
376
623
533
331
407
326
405
326
407
327
407
326
406
328
406
407
329
406
330
407
330
405
324
406
331
405
328
407
329
406
330
405
330
406
330
407
329
407
328
407
328
407
329
407
330
406
329
407
331
405
330
406
330
407
327
407
327
407
327
407
327
407
332
405
327
407
327
406
273
616
534
535
469
285
605
332
406
407
329
405
333
406
329
405
330
406
331
406
330
406
328
406
330
407
333
406
329
407
334
406
329
407
327
406
328
406
327
407
328
406
327
407
331
405
330
406
332
406
330
405
329
405
330
406
329
406
329
405
322
406
329
406
329
407
330
406
330
406
328
406
331
407
330
407
329
407
330
406
329
407
333
406
284
615
331
407
328
407
327
406
326
407
328
407
326
407
324
310
358
617
533
534
329
406
329
407
330
406
329
406
328
407
328
407
329
407
330
406
332
406
329
407
330
406
323
405
330
406
330
385
622
534
532
330
407
329
407
331
407
329
405
331
407
330
406
325
407
329
407
330
406
328
406
329
407
330
407
326
407
326
406
334
407
330
407
336
405
330
405
328
613
534
537
331
406
330
407
330
407
327
406
329
407
332
406
328
406
329
407
328
406
330
407
327
405
330
406
329
406
292
623
534
534
331
407
330
407
330
406
330
406
274
615
534
327
406
329
407
328
407
329
406
328
407
330
405
329
406
333
406
330
407
328
406
330
407
328
407
329
405
330
407
330
407
328
407
329
406
330
406
329
405
330
407
327
406
328
407
328
407
329
406
331
406
331
407
330
405
330
405
330
407
330
406
278
615
535
534
535
328
407
329
407
331
407
328
407
329
405
281
624
532
326
407
327
406
328
406
329
405
328
405
327
407
327
407
332
406
328
407
330
405
331
405
332
407
330
405
329
407
327
405
330
407
330
307
623
534
534
330
407
327
304
357
617
534
327
303
615
333
406
327
406
327
406
326
406
330
406
330
405
329
407
329
405
330
407
328
406
330
405
330
405
330
407
331
406
327
407
327
407
327
406
331
407
326
406
327
405
328
406
330
407
282
854
280
438
461
473
407
329
406
328
405
329
406
330
407
329
407
327
407
274
617
533
534
330
406
329
406
327
406
328
406
331
406
329
407
329
407
329
405
329
407
325
406
326
566
534
533
327
406
326
407
329
406
328
405
330
405
326
407
326
406
327
406
330
407
332
406
327
407
332
406
330
406
329
407
329
407
329
406
328
405
328
407
327
407
327
407
326
406
327
407
327
406
324
411
327
407
327
407
328
406
330
407
327
407
327
405
325
406
329
406
331
406
324
407
326
407
329
405
326
306
703
535
534
331
406
307
621
331
406
330
406
324
406
331
406
328
407
328
405
277
617
535
332
407
327
405
329
407
325
406
326
407
327
406
327
406
327
405
331
405
330
406
329
406
330
406
331
406
329
407
406
407
329
407
330
407
328
407
327
405
328
406
328
407
279
613
532
535
328
406
328
407
328
407
328
406
329
406
330
405
327
407
332
296
617
535
534
329
407
327
406
331
406
329
405
330
406
328
405
328
407
328
405
325
407
328
406
327
406
327
406
325
406
326
406
328
406
331
405
329
407
328
407
329
405
330
406
331
407
329
407
328
303
617
271
617
535
532
330
612
331
405
327
408
330
406
328
407
328
407
328
407
328
407
329
406
331
406
328
406
330
406
330
406
328
406
330
407
329
406
328
407
328
406
330
406
330
407
302
623
534
535
329
406
330
406
326
407
327
405
276
617
535
330
405
329
405
330
407
328
406
333
407
335
405
330
407
327
406
329
407
329
406
329
406
330
406
331
406
331
405
334
406
330
406
330
406
330
406
330
406
329
407
328
406
332
407
329
406
328
407
328
406
331
406
331
406
329
407
330
405
329
405
328
407
327
406
331
406
327
406
328
405
332
405
330
407
330
406
326
407
330
407
330
407
329
406
325
407
326
406
326
407
326
406
327
406
325
406
325
406
330
406
337
406
329
406
328
406
327
406
325
315
621
534
533
534
327
407
325
406
327
406
327
406
332
406
331
405
274
616
534
333
407
330
406
329
406
329
407
329
406
329
407
326
406
332
407
330
407
326
406
330
407
328
406
327
405
327
406
328
407
326
406
327
406
327
406
326
407
326
406
327
405
328
406
326
407
326
600
623
534
330
406
330
406
329
406
329
407
328
406
328
406
330
407
326
407
327
407
326
406
326
406
330
405
328
405
331
407
330
405
328
405
329
407
329
407
329
406
330
406
328
406
330
405
328
407
327
407
325
406
327
302
617
533
534
273
623
331
406
330
407
332
407
329
406
330
406
330
406
331
406
330
406
329
406
330
405
329
407
339
406
332
406
329
407
330
405
328
406
329
405
330
407
327
406
330
407
329
405
330
406
327
406
329
407
329
406
328
407
327
407
329
406
326
406
327
407
329
407
330
405
329
407
329
405
329
407
329
405
330
406
334
405
328
407
330
406
329
407
331
407
329
407
326
407
326
406
327
407
328
405
329
407
330
405
326
406
327
407
326
407
329
405
330
407
329
407
330
406
281
615
533
534
330
406
330
406
330
406
330
407
329
406
333
406
326
406
330
407
329
406
330
406
329
407
329
407
328
407
328
407
327
405
326
405
329
406
330
407
328
406
328
405
326
407
330
406
327
407
328
405
329
407
327
408
329
406
330
406
327
406
330
406
329
407
329
407
331
406
328
406
270
359
620
628
360
615
330
406
330
406
333
405
331
406
329
406
329
407
330
299
651
622
328
307
617
328
407
329
405
328
407
328
406
326
407
331
407
330
406
333
573
328
602
327
407
325
407
325
406
327
407
329
406
331
406
330
407
327
311
612
532
535
330
406
330
406
330
406
332
406
330
406
330
407
330
407
328
406
328
407
329
405
328
407
332
405
329
407
329
405
332
405
329
406
330
407
330
406
328
406
329
407
329
407
330
407
329
407
328
407
329
406
330
406
328
406
330
407
330
406
329
407
329
406
327
407
327
315
611
535
534
534
326
407
328
406
326
407
332
406
329
407
327
406
329
405
328
406
328
406
334
406
330
407
329
405
329
406
332
407
328
405
271
617
293
622
534
331
406
330
631
331
406
331
406
329
406
324
407
326
405
327
407
327
407
328
406
328
406
327
406
330
407
326
407
277
615
533
534
328
405
326
407
326
405
276
617
532
326
406
330
405
326
406
320
407
272
617
534
333
406
328
407
329
407
328
407
325
406
330
405
328
407
328
407
329
407
327
406
329
407
329
407
329
405
331
406
330
406
329
407
328
407
330
324
623
532
535
328
406
327
406
327
406
325
407
272
617
534
330
406
277
617
329
406
329
406
328
406
329
406
327
405
329
375
621
532
328
406
332
407
329
407
328
406
330
407
329
406
330
405
330
407
330
393
623
532
332
386
480
326
407
327
405
326
407
271
616
532
326
407
328
405
328
406
330
405
331
405
329
407
326
407
328
406
329
406
330
406
326
407
330
406
331
405
330
405
328
407
328
407
329
406
327
405
330
407
326
407
335
406
329
406
328
407
329
406
329
406
330
405
328
406
326
405
330
407
330
406
326
623
533
534
327
406
331
407
331
407
326
407
324
406
330
405
330
405
282
613
537
534
329
407
405
333
407
328
405
326
405
331
407
329
405
271
618
329
407
329
405
330
406
326
407
329
407
325
405
326
407
325
406
326
407
326
407
406
329
406
327
407
327
407
329
406
330
407
329
406
325
407
328
407
326
406
326
407
330
407
327
406
325
405
328
407
327
406
328
406
328
406
325
407
329
406
334
407
328
406
326
407
328
303
620
535
532
533
330
406
330
407
330
406
333
407
330
405
331
406
330
406
329
405
329
373
623
534
330
626
329
406
331
406
326
407
332
406
322
405
331
405
278
617
534
329
407
327
406
327
407
330
406
329
406
331
405
330
405
331
406
329
406
326
407
327
407
327
407
327
407
327
304
360
362
615
535
329
406
330
406
329
406
328
406
328
406
329
407
329
407
329
406
329
405
329
406
275
591
623
331
405
332
406
330
406
329
406
330
406
329
406
330
405
324
406
325
407
325
407
325
406
328
407
326
406
328
405
328
407
328
406
328
406
327
407
329
406
329
406
328
407
327
407
327
406
325
405
328
407
276
668
535
534
288
355
620
332
296
617
277
615
327
312
619
327
405
332
376
623
329
406
276
617
329
405
327
322
364
360
438
623
328
304
362
615
330
406
330
300
615
330
405
329
406
330
405
332
406
326
406
324
406
321
407
326
407
270
617
533
275
624
326
406
324
368
623
326
306
617
326
594
330
299
615
326
593
327
406
330
406
272
615
328
405
330
308
508
623
327
406
328
371
626
327
406
330
407
329
405
328
407
327
407
329
407
329
407
329
578
331
406
331
406
330
407
329
321
624
532
277
616
330
405
331
301
619
325
407
329
406
271
615
534
328
407
287
623
331
303
624
276
617
327
304
605
325
407
407
314
623
272
356
621
276
616
325
304
668
323
364
585
325
382
490
331
377
357
617
329
407
277
617
332
406
325
406
330
407
329
406
330
576
628
329
406
276
615
330
406
329
301
616
329
406
314
621
333
406
330
359
621
329
405
328
405
330
406
329
406
329
407
329
406
406
406
406
329
406
328
406
326
305
435
662
535
329
306
358
621
329
407
328
406
332
406
327
407
327
406
329
369
623
324
603
330
406
589
292
645
326
406
407
329
407
272
617
330
407
327
406
273
617
293
623
289
612
329
405
330
406
332
405
307
624
333
300
617
276
625
330
305
615
330
406
329
407
311
623
330
406
328
407
271
617
276
617
293
623
325
306
615
329
299
617
331
406
330
406
328
407
329
406
327
408
327
621
534
272
575
328
376
617
277
356
356
617
329
407
270
702
281
636
454
475
392
662
330
407
330
407
270
619
330
407
330
406
278
615
325
406
329
405
328
406
329
406
329
301
682
534
330
406
271
361
615
328
304
615
331
567
284
366
698
326
406
330
406
277
615
330
406
330
302
615
331
405
326
405
326
307
356
360
619
534
327
406
271
361
615
326
405
326
405
327
407
326
406
326
406
326
406
327
405
326
407
329
406
330
407
329
406
335
406
329
406
330
407
330
406
331
300
617
532
535
328
302
617
329
407
275
615
329
602
330
376
623
271
617
275
642
330
407
329
407
329
298
615
534
327
301
364
619
330
406
328
407
329
405
276
617
534
329
407
329
406
328
405
329
406
329
406
330
406
332
407
328
406
328
405
332
406
329
406
330
406
328
407
329
405
330
407
333
300
616
535
534
329
302
619
332
301
617
329
406
274
683
326
407
325
405
326
406
326
406
329
377
623
532
272
617
331
405
331
297
619
271
615
329
407
270
619
276
360
355
580
409
325
338
359
355
617
274
617
327
300
621
330
301
560
332
407
406
536
327
387
447
434
329
406
324
407
327
406
328
407
326
301
521
624
327
405
277
589
328
406
407
327
406
326
405
327
315
621
534
327
407
271
618
327
406
327
406
327
406
326
407
327
407
327
406
278
617
535
330
406
333
406
328
407
330
481
684
331
405
297
458
687
334
407
330
406
328
406
331
347
621
275
539
333
407
320
615
275
360
615
330
405
329
384
621
332
406
330
406
273
617
329
406
329
406
330
406
406
406
327
406
326
302
617
355
661
330
311
613
328
407
277
368
623
328
407
330
407
327
407
330
562
535
274
618
274
618
334
371
624
271
617
330
565
329
302
617
328
406
330
406
334
406
332
406
333
608
328
623
331
297
462
461
434
327
309
359
359
617
330
406
275
359
615
330
406
330
301
615
273
617
329
407
329
406
273
356
617
533
328
407
328
407
330
405
326
407
326
406
326
407
328
405
330
407
335
405
330
406
329
406
330
406
330
406
329
407
329
406
330
407
329
406
326
407
328
406
328
405
329
407
330
407
329
407
329
407
329
407
329
407
274
617
535
534
544
328
406
328
406
328
407
333
406
330
406
327
406
327
406
325
407
326
407
330
405
328
406
327
406
332
407
328
407
327
407
326
407
327
405
327
406
320
311
615
534
534
532
329
406
326
407
328
406
327
407
327
405
328
405
326
406
330
405
328
406
329
406
329
407
328
406
322
406
329
407
329
405
329
405
329
407
330
407
329
406
329
406
331
406
329
407
329
406
331
406
329
406
330
406
327
408
330
407
328
406
328
405
327
406
326
304
354
615
534
532
534
330
406
329
407
330
407
328
406
330
405
329
407
329
407
332
407
328
406
329
407
326
406
328
406
275
617
535
532
328
406
329
303
620
331
407
329
406
330
407
329
407
330
405
328
407
331
405
327
304
620
635
330
407
329
301
617
334
405
329
587
330
406
330
407
329
406
330
407
328
407
329
407
329
407
327
406
328
406
328
405
329
405
329
406
328
406
330
407
275
617
533
532
327
406
329
407
329
405
334
406
330
405
330
407
330
407
330
406
278
414
374
645
331
405
329
407
328
406
329
407
321
408
326
405
325
406
326
407
326
407
325
406
325
405
328
405
327
407
326
407
327
407
328
407
328
407
327
407
327
407
328
407
325
406
327
407
327
407
326
407
333
406
329
407
329
406
329
407
330
405
330
406
330
406
329
407
330
595
625
534
330
406
330
406
330
406
325
407
329
405
329
406
330
406
331
407
329
406
276
617
534
535
330
406
330
407
329
407
328
406
330
407
328
407
329
405
330
407
405
407
331
296
618
535
534
329
407
276
615
334
406
326
406
326
406
329
406
326
407
327
405
277
616
534
326
407
328
406
331
405
327
406
325
405
326
406
326
406
326
407
324
407
331
407
326
406
328
407
326
406
327
406
327
405
328
405
328
406
331
406
328
407
329
407
324
406
328
407
328
406
329
332
621
534
535
333
406
330
407
329
406
329
406
328
407
328
407
330
407
330
405
330
298
617
275
618
532
327
405
329
406
330
407
328
315
623
534
325
405
329
406
326
406
325
406
327
407
329
406
327
406
327
406
327
406
327
406
328
407
326
406
327
407
327
406
328
406
326
594
534
533
324
407
325
406
327
407
325
406
325
407
330
407
328
407
328
407
326
406
326
406
330
405
328
407
326
406
327
406
405
327
406
328
406
326
405
327
407
328
406
327
407
327
407
326
407
331
406
329
407
329
406
333
406
329
406
328
407
330
407
327
407
330
405
328
405
330
407
331
406
330
405
327
407
328
407
326
407
325
407
326
406
328
406
326
406
325
405
327
406
329
405
329
405
326
304
617
534
535
507
328
405
407
329
309
623
329
406
329
300
615
330
406
328
406
330
407
329
407
330
406
330
387
623
535
329
407
328
406
330
406
329
407
325
407
330
405
329
407
329
406
328
406
327
406
326
407
327
407
329
405
328
407
326
407
407
328
405
326
407
329
407
329
407
327
407
330
407
330
406
329
407
330
406
330
405
335
406
331
407
329
408
329
406
330
406
329
406
329
406
330
407
329
406
329
406
329
407
329
407
330
407
333
405
330
407
330
406
329
298
617
534
533
532
328
407
325
406
327
405
327
406
328
405
327
405
326
407
333
407
334
407
330
406
327
407
328
406
330
407
329
406
329
406
274
615
532
535
332
407
329
407
330
406
329
406
329
406
329
407
330
405
330
405
331
406
329
407
328
407
317
626
532
533
328
406
329
406
325
407
325
405
326
407
331
407
326
407
328
406
327
406
330
575
533
534
326
406
329
406
327
407
328
406
330
405
331
406
274
617
534
331
407
327
406
331
406
330
407
329
407
324
406
325
407
329
407
332
407
327
407
406
407
331
406
332
406
331
406
331
303
616
532
533
327
407
324
405
331
408
328
406
328
406
328
407
328
408
327
406
327
567
624
533
326
407
329
407
330
298
617
535
329
298
617
330
406
329
406
328
407
328
407
329
407
330
407
328
406
334
407
331
406
329
405
330
405
330
406
330
405
328
406
329
407
406
330
407
329
407
327
405
335
405
326
405
328
299
615
535
534
330
407
328
407
330
406
326
407
329
407
329
406
329
407
325
407
327
406
328
406
334
407
332
407
329
407
330
564
624
533
273
617
330
406
328
406
329
406
328
405
327
406
327
406
327
406
328
406
277
615
532
534
327
406
328
405
331
406
330
407
329
406
329
406
328
406
331
405
329
406
326
406
327
406
324
407
329
407
329
407
329
406
330
406
328
407
324
406
330
406
329
407
330
406
330
406
330
405
327
407
330
406
328
407
329
407
329
406
329
406
329
406
325
318
611
273
615
533
532
278
617
329
407
328
406
329
406
330
405
327
407
329
405
329
407
326
407
323
407
333
300
617
535
276
615
329
405
330
407
326
622
330
302
613
330
406
330
564
329
405
274
617
329
406
327
406
330
406
332
298
617
534
330
406
325
407
326
405
328
407
327
407
330
407
285
612
532
327
405
328
406
326
407
327
405
331
406
329
303
617
532
288
623
330
407
329
407
335
406
328
407
329
406
330
406
331
406
327
406
330
406
330
406
331
406
324
406
327
406
329
407
328
406
328
407
330
407
327
406
327
406
332
407
333
407
329
406
330
406
329
407
326
405
325
407
327
406
328
406
326
407
327
314
621
533
532
532
354
407
326
407
329
406
330
406
330
406
329
406
273
615
533
326
407
329
406
330
621
330
405
327
407
328
406
330
406
333
406
330
406
330
406
330
406
328
407
328
299
617
532
535
330
405
329
407
330
406
335
405
327
406
331
405
331
406
330
407
327
407
329
407
330
407
327
405
333
407
328
406
327
407
327
406
326
406
329
407
330
406
329
407
330
407
327
406
328
405
326
407
329
407
329
406
330
405
330
406
328
406
332
406
330
405
329
407
327
407
330
405
330
407
329
405
330
299
617
535
277
616
330
299
617
327
405
330
407
329
405
328
405
331
407
326
407
325
406
326
407
326
405
321
406
329
407
330
407
329
407
329
405
288
442
764
280
474
390
474
406
329
407
274
615
535
329
407
333
406
329
405
330
405
330
405
330
407
329
406
330
406
326
304
615
534
533
327
406
328
406
328
405
327
406
329
406
326
407
327
406
328
405
330
407
329
405
327
406
325
406
326
406
332
405
328
407
326
405
330
405
327
406
330
407
407
329
406
330
406
329
407
329
406
330
406
332
406
328
405
330
406
328
303
617
535
532
533
327
407
329
406
331
405
329
407
328
406
329
407
328
407
328
407
330
407
329
407
329
407
330
406
330
406
281
619
527
534
331
405
331
407
328
406
329
406
329
406
327
407
328
406
330
406
330
405
330
407
329
406
327
406
325
406
327
407
330
405
330
407
329
405
329
407
330
406
330
407
328
406
330
405
330
406
331
406
326
406
329
406
330
407
329
407
330
406
328
407
329
405
324
405
332
299
618
534
533
534
327
407
327
407
324
406
328
406
282
617
535
329
406
327
407
330
406
327
405
330
407
328
407
331
405
329
407
329
406
328
406
328
407
330
406
330
406
326
407
326
406
324
406
326
406
330
406
329
406
329
406
329
405
329
346
623
535
532
329
406
333
406
329
407
329
406
329
407
330
406
327
406
330
406
330
406
329
405
329
406
327
406
327
406
330
406
329
406
331
406
333
406
330
407
327
407
329
406
329
406
329
406
327
407
327
407
327
406
327
406
321
405
325
405
274
355
615
535
534
535
331
406
329
407
331
405
328
406
331
406
330
407
330
406
329
405
326
407
328
406
333
406
330
406
329
406
329
407
327
407
329
406
327
406
330
406
326
405
328
405
326
407
329
406
327
405
327
406
330
407
330
407
330
406
331
406
329
407
330
406
328
406
327
406
330
407
329
407
328
407
332
407
327
406
329
407
277
617
532
535
532
329
407
330
406
330
405
329
406
330
406
328
407
329
407
323
407
326
407
329
405
328
406
328
407
331
407
329
407
331
406
328
407
329
406
328
405
329
406
406
407
328
406
329
407
406
307
646
535
532
336
407
332
405
332
407
327
407
329
407
331
407
330
407
272
615
534
535
336
406
331
406
328
407
330
405
331
406
329
405
330
407
329
407
326
406
326
405
325
407
330
407
330
406
331
406
330
406
332
407
327
407
328
406
329
405
328
406
326
405
326
407
329
408
329
407
327
407
329
406
331
412
328
406
330
405
330
407
330
406
329
407
328
405
328
406
329
406
331
406
328
407
328
407
329
406
330
406
330
406
330
406
330
406
327
407
330
406
330
406
328
564
624
532
532
330
407
329
407
329
406
331
406
326
405
327
407
328
407
327
406
328
407
327
406
326
407
329
406
327
304
360
620
407
406
274
617
330
405
329
407
330
405
330
407
330
406
330
405
329
407
328
405
333
406
329
405
329
407
328
406
333
406
330
406
329
605
622
534
328
407
328
308
617
328
405
331
406
334
406
329
406
335
406
330
405
330
406
330
406
330
407
329
406
330
407
328
405
328
406
331
407
331
406
331
405
326
407
327
405
327
406
330
407
328
407
329
406
331
406
330
562
625
277
616
482
330
406
407
329
407
327
406
326
407
325
407
326
311
623
534
274
623
328
406
332
406
329
407
329
313
623
532
330
406
330
407
272
617
330
405
330
595
330
406
329
407
328
406
329
406
326
407
328
405
327
407
325
407
325
407
329
405
276
619
628
326
406
329
405
331
407
327
407
330
407
329
405
329
407
330
407
406
330
405
329
406
330
407
334
294
615
535
534
330
405
329
320
476
627
328
407
329
407
329
406
328
407
329
406
331
319
365
448
899
281
686
405
400
478
618
330
406
328
407
330
407
328
406
330
370
623
533
328
407
271
617
327
407
328
406
329
407
407
329
405
335
407
329
407
327
407
327
406
328
407
329
406
330
407
327
407
330
407
333
406
330
406
330
406
334
407
329
407
327
407
331
407
330
407
329
406
329
405
332
591
536
286
613
327
407
330
406
327
407
327
406
328
406
328
386
621
535
327
405
330
407
327
406
327
407
325
405
326
406
324
406
327
407
329
406
329
406
330
405
330
406
329
406
330
407
330
407
281
615
532
329
407
328
407
330
407
329
405
332
406
330
406
332
407
330
406
329
407
326
406
326
405
328
406
328
406
326
406
331
406
331
405
331
405
330
407
329
407
330
407
330
406
329
406
330
407
325
405
329
310
624
501
623
330
405
329
406
335
406
326
407
328
407
328
406
327
407
329
406
278
617
534
533
329
407
329
406
330
407
329
406
329
407
329
405
334
406
330
406
329
407
329
407
329
405
333
406
329
407
327
406
274
621
534
276
617
330
406
273
615
329
407
332
407
330
407
329
407
328
406
329
407
331
406
332
405
330
406
329
406
329
406
330
407
328
406
329
406
328
405
332
406
329
407
330
406
330
406
330
406
330
406
330
405
329
406
328
407
333
407
330
405
329
407
329
407
327
405
326
406
325
406
326
407
331
406
326
406
329
407
327
406
328
407
329
405
330
302
616
534
534
535
328
405
328
406
329
405
328
407
328
407
329
564
533
328
406
329
407
328
407
328
407
329
407
330
406
328
407
330
407
331
406
326
406
328
407
327
405
329
407
330
406
326
381
621
534
535
328
407
331
405
330
406
327
406
326
407
327
407
327
406
328
405
326
405
327
406
328
407
332
407
328
406
327
406
329
576
532
534
328
405
328
407
325
407
330
407
329
407
325
305
618
274
623
534
329
406
331
407
331
407
329
406
329
407
329
407
329
406
325
407
328
566
534
535
330
407
328
407
328
405
326
406
328
406
328
406
332
407
333
407
328
406
331
406
329
406
329
406
327
407
326
407
325
406
327
627
532
534
327
406
328
405
329
405
328
405
327
407
327
407
327
407
327
406
327
407
325
406
330
407
329
407
31
407
405
331
299
618
534
532
535
325
407
330
405
330
406
331
407
330
406
329
405
328
406
328
405
328
407
329
407
330
568
624
535
273
616
330
406
327
407
329
406
330
407
327
406
326
405
325
406
326
407
326
407
328
406
329
406
328
407
327
407
327
407
328
406
330
406
326
405
329
407
333
406
327
407
328
406
326
406
326
405
324
406
327
407
327
304
628
327
405
327
405
326
407
327
406
334
405
407
406
328
406
330
406
331
301
615
534
535
329
407
329
406
329
406
331
407
331
405
330
406
330
405
327
407
328
406
335
407
331
405
284
356
447
507
448
685
559
496
406
331
406
325
407
326
406
326
407
327
406
327
406
329
406
328
407
331
406
328
566
331
406
329
407
329
406
327
407
329
406
327
406
326
406
326
406
327
406
331
406
330
405
330
407
328
407
328
405
329
407
329
407
328
406
332
406
328
406
327
405
325
407
329
405
325
406
273
617
532
534
535
326
407
332
406
329
407
324
406
327
406
330
407
329
406
328
407
328
407
327
405
325
406
326
385
623
532
535
331
405
329
406
328
405
329
406
330
407
329
407
330
407
329
407
331
406
329
406
325
407
330
407
329
407
327
407
328
406
327
407
326
407
327
407
327
406
326
407
327
405
327
407
327
407
330
407
329
406
329
407
329
297
618
534
534
327
405
326
406
330
406
325
407
325
406
326
407
330
406
332
407
329
407
329
407
329
406
329
406
328
406
330
407
330
406
277
615
535
532
327
406
328
407
329
407
330
406
330
406
332
309
623
535
327
405
329
407
324
406
328
406
326
407
327
407
329
405
274
616
405
384
544
455
674
406
413
479
615
327
407
326
405
328
406
337
406
329
407
327
406
325
405
326
407
331
406
328
406
327
407
327
405
328
407
329
406
329
407
331
406
333
407
329
406
332
407
329
406
272
615
289
623
297
623
330
407
330
406
330
406
331
406
328
407
326
405
329
407
327
407
330
407
328
405
326
###################### Average Latency of 10000 DELETE operation is: 387 ms #######################