365
405
407
320
690
427
445
380
609
365
495
406
330
407
332
407
275
615
533
329
407
330
408
327
303
617
341
406
405
329
406
331
406
328
405
328
405
271
792
759
473
389
471
406
328
405
328
407
330
406
329
405
327
407
328
405
278
615
535
532
325
406
333
407
331
406
326
406
335
406
330
406
330
407
331
406
330
407
332
406
329
406
330
405
331
407
329
406
331
407
334
406
330
406
328
407
277
615
532
535
331
406
331
406
328
405
329
405
272
617
535
328
405
328
405
329
406
282
355
475
514
474
367
699
373
496
406
330
405
281
781
366
447
618
407
398
479
617
332
407
328
407
327
406
327
308
618
554
456
442
613
309
754
329
634
286
517
407
327
407
328
301
618
532
333
407
330
406
332
406
330
406
329
407
329
406
329
405
329
406
336
397
329
405
331
406
330
407
329
407
328
405
327
406
332
406
329
405
328
405
326
407
327
407
328
406
329
406
330
405
328
310
612
354
624
513
329
406
329
618
406
570
474
405
406
326
407
329
368
466
366
700
280
416
623
358
476
406
330
406
332
405
330
405
329
406
330
307
815
378
446
621
407
432
462
407
331
407
330
406
328
407
329
407
331
407
331
406
330
407
329
300
617
534
535
330
406
329
406
278
613
332
405
330
405
331
406
329
405
330
406
330
406
328
407
327
406
330
406
330
406
331
406
328
406
329
405
331
405
331
407
328
406
331
406
330
407
330
406
329
407
330
407
328
406
327
407
328
405
326
407
327
406
330
406
329
406
330
406
330
407
332
407
330
407
329
406
331
406
331
406
330
406
331
407
333
405
330
406
327
407
329
407
330
406
327
406
327
406
326
406
332
406
328
406
328
406
328
407
327
407
328
407
328
407
327
407
326
406
327
407
326
406
327
406
328
405
327
405
328
407
327
406
330
311
448
513
454
571
468
919
558
444
579
482
371
474
398
473
407
330
406
331
406
328
406
326
407
327
407
332
406
329
406
330
407
326
406
328
406
328
406
326
407
326
407
330
406
327
405
326
405
327
405
328
407
327
406
326
406
330
406
276
360
618
626
329
407
327
406
325
406
327
406
327
406
328
406
327
406
327
405
328
406
326
407
327
407
327
406
325
406
327
406
330
407
331
407
330
407
330
406
331
406
407
405
336
407
327
407
326
406
331
406
276
617
319
624
534
329
405
331
406
328
407
330
407
329
405
329
407
326
406
326
343
623
535
329
407
280
613
359
761
423
673
699
279
621
406
398
679
405
331
407
330
406
326
406
330
407
330
407
331
568
329
407
331
585
533
326
407
331
406
327
407
328
406
327
407
328
407
271
615
535
327
406
468
406
406
327
301
617
535
327
406
331
406
326
406
328
406
327
405
327
302
617
533
329
407
330
405
330
405
330
406
329
407
331
407
335
407
331
406
329
405
327
405
323
407
326
406
327
585
532
532
327
407
333
568
328
407
326
405
331
407
284
617
532
329
406
330
406
330
407
328
301
617
533
329
407
284
448
631
464
818
521
490
452
481
615
329
407
326
406
327
406
331
406
328
406
327
405
329
369
683
423
447
621
405
397
478
618
327
405
331
406
328
406
327
405
329
407
328
305
380
489
514
486
368
701
366
474
406
330
407
328
406
329
406
329
405
327
406
326
406
328
406
329
407
328
407
328
405
417
618
532
350
621
330
406
326
406
322
406
327
407
326
405
327
407
330
413
330
405
324
407
271
623
532
535
328
405
328
406
324
407
330
407
327
405
326
406
324
405
327
405
330
407
331
406
329
405
330
406
327
406
330
407
326
406
330
405
327
407
326
406
328
406
328
407
623
272
617
534
328
407
327
405
324
406
328
405
327
407
324
406
331
406
331
406
330
407
329
407
330
405
281
798
548
618
423
378
516
407
328
407
329
593
330
405
328
406
330
407
316
623
326
405
327
406
327
407
324
405
329
406
332
407
330
406
329
407
330
406
327
405
330
406
327
406
329
407
329
406
326
407
328
407
331
407
327
304
617
535
534
329
406
331
406
329
407
326
407
330
407
328
407
326
407
329
407
330
406
328
407
328
407
328
407
330
407
278
462
694
717
494
401
467
385
479
617
331
406
331
406
329
407
328
406
331
407
328
627
535
328
405
329
407
338
406
326
407
328
407
327
407
327
406
325
406
330
405
324
407
283
677
618
447
621
406
384
479
615
325
406
276
615
328
406
328
406
325
407
335
405
326
407
330
407
326
407
330
406
325
406
332
407
329
406
328
407
281
357
481
514
482
368
701
373
495
407
327
406
331
405
329
405
331
407
324
407
326
406
329
406
330
406
329
406
326
407
326
407
329
406
329
407
327
407
326
407
323
407
326
406
333
335
621
280
761
470
407
488
545
330
407
330
406
468
406
329
407
326
407
326
407
329
406
326
569
327
407
275
617
534
533
329
406
330
405
331
406
330
407
330
406
328
406
327
407
328
568
327
407
326
406
330
405
331
406
329
407
329
315
443
764
280
473
375
473
407
321
407
283
446
857
279
522
384
517
407
327
406
331
407
332
407
332
406
331
405
331
406
331
407
328
406
322
406
327
407
332
407
329
407
325
406
329
407
329
405
329
405
328
406
325
407
332
407
327
406
329
406
334
407
325
312
443
455
885
280
664
406
400
221
355
447
885
284
660
406
401
479
615
329
407
330
406
328
406
329
407
326
406
331
406
326
407
323
406
323
405
269
581
623
535
328
405
329
407
328
407
327
405
329
407
277
617
532
333
407
329
406
329
406
331
405
329
406
329
406
275
695
513
445
623
407
399
478
617
328
406
324
406
307
623
328
405
323
406
325
407
327
301
409
623
534
329
407
330
405
332
407
324
407
330
406
330
406
276
617
533
330
406
330
405
326
406
329
406
330
407
329
405
329
405
333
311
481
514
438
368
701
282
496
405
325
406
327
407
328
407
320
407
327
406
330
407
327
407
325
406
329
406
328
325
623
530
471
330
406
328
406
322
305
618
534
328
407
331
406
330
406
324
407
326
406
325
406
328
407
330
406
328
407
329
406
330
407
328
407
331
407
327
302
617
535
532
328
406
330
406
329
407
330
407
322
405
328
405
328
407
328
407
321
407
326
406
325
406
330
406
329
406
328
407
329
405
277
618
532
537
327
407
330
407
284
446
857
279
522
382
517
405
323
406
326
407
324
619
533
330
406
331
407
330
405
328
407
326
406
332
316
457
766
560
461
413
734
369
495
407
331
406
330
406
325
407
328
406
330
407
328
407
327
407
329
407
328
406
330
407
326
405
325
407
327
407
325
407
325
313
358
471
513
413
359
701
301
462
617
326
405
329
406
325
407
328
406
323
406
332
405
328
406
329
407
330
405
325
407
328
407
327
406
329
407
330
407
327
407
328
407
329
407
320
315
621
514
446
619
405
400
478
618
327
407
320
406
328
407
325
407
327
406
334
406
332
405
330
406
328
303
617
535
534
330
406
330
406
328
407
331
406
319
406
324
406
333
406
329
407
330
406
326
407
329
406
327
407
328
406
278
615
534
535
328
406
328
405
329
406
333
406
325
407
328
406
283
357
473
514
474
368
701
282
474
406
333
405
329
405
331
406
333
405
331
405
331
407
329
406
327
405
327
407
330
407
328
406
328
407
334
407
328
406
332
406
327
407
274
618
270
618
534
534
328
407
329
406
329
407
331
367
622
327
407
330
405
327
406
328
407
328
407
325
405
326
405
331
406
330
406
323
571
535
534
330
407
326
400
623
330
407
330
406
327
405
325
407
321
611
364
615
335
406
331
406
328
407
283
446
857
372
474
399
516
407
326
406
326
406
329
624
327
405
329
407
328
407
331
407
327
406
330
407
325
406
328
407
328
407
327
405
330
406
330
406
332
407
323
407
323
406
331
406
328
407
327
406
330
407
326
407
274
617
534
535
327
406
326
407
324
406
326
407
325
405
323
407
330
406
327
407
328
407
330
405
324
406
327
406
333
406
328
407
329
406
278
617
534
535
330
406
328
406
328
406
331
406
329
406
301
621
281
621
424
447
619
407
399
478
617
328
406
333
406
327
401
623
329
407
327
405
335
296
617
535
329
406
327
407
335
406
331
406
329
407
332
405
330
406
328
407
330
405
332
405
326
406
328
406
329
405
331
406
326
407
328
406
326
407
328
406
327
406
331
407
276
615
533
297
621
330
407
330
406
328
407
328
407
328
406
325
407
331
406
330
408
277
619
631
481
281
699
281
495
407
328
406
406
406
326
407
327
405
329
407
325
399
621
534
331
406
331
407
327
407
327
407
326
406
407
324
406
330
407
327
407
324
301
617
534
535
331
406
329
407
329
406
334
407
328
406
325
407
321
406
331
406
329
405
326
407
326
406
273
615
533
534
328
406
332
405
330
406
324
406
323
407
325
407
327
407
284
446
824
349
474
383
667
331
405
331
406
329
405
331
406
330
405
326
405
323
406
327
406
325
405
329
406
329
406
326
406
332
407
331
405
327
624
535
534
330
405
330
406
330
406
329
407
327
406
272
617
533
334
406
328
406
329
406
326
405
328
405
324
405
329
407
329
406
326
407
337
399
331
406
326
404
330
407
330
407
330
406
330
407
329
406
322
407
322
406
328
406
323
407
325
405
327
405
323
407
328
406
331
349
690
423
447
621
407
412
478
615
328
406
325
406
332
405
327
407
329
406
332
406
332
405
328
406
328
406
407
326
406
332
407
328
406
326
405
331
407
327
407
330
405
333
406
331
407
327
406
328
406
328
408
328
406
330
405
326
407
328
406
330
406
331
407
325
407
326
571
629
326
630
328
407
327
405
328
406
331
406
333
406
327
407
326
407
329
300
616
279
616
326
624
329
589
330
407
328
406
327
364
368
477
513
479
368
720
555
407
329
406
331
406
327
407
328
407
328
406
330
406
323
407
324
310
662
368
505
463
368
701
366
496
407
331
407
327
406
407
330
405
331
405
328
407
327
407
328
407
326
407
332
407
330
407
330
407
333
405
329
407
330
405
322
406
325
407
330
406
327
407
330
405
331
406
327
406
327
406
282
816
377
446
375
643
361
494
406
327
407
328
406
272
618
535
327
407
329
407
329
406
333
407
327
406
330
406
330
406
330
407
329
407
325
406
328
406
328
405
328
406
323
406
331
406
327
407
328
407
329
407
330
406
328
407
334
407
329
407
329
407
328
406
326
407
329
406
328
406
272
617
533
534
532
329
407
322
406
332
405
328
406
330
406
329
406
330
406
328
407
330
407
328
406
298
604
534
535
329
405
331
405
326
406
328
407
328
406
332
406
327
407
328
406
329
406
330
308
621
534
328
405
328
405
326
407
327
406
328
407
329
407
327
406
274
617
534
533
327
406
326
407
329
405
330
407
328
407
331
406
329
407
333
406
327
407
328
406
332
306
780
623
701
276
473
407
328
406
331
407
330
406
325
406
327
406
270
615
534
535
326
406
328
406
329
405
329
405
327
406
328
408
328
406
326
406
328
406
327
405
326
407
327
406
325
407
328
405
332
406
331
407
327
406
331
406
320
406
281
357
469
513
467
368
701
372
496
407
329
406
326
304
618
272
618
326
406
326
407
326
565
326
406
407
537
328
405
331
406
330
406
407
329
406
328
405
331
407
330
406
327
407
330
405
326
406
331
406
326
406
325
407
329
303
615
328
623
534
329
405
328
406
331
406
331
406
329
331
689
423
461
498
405
383
516
406
329
406
328
405
330
406
328
406
333
405
328
407
331
297
617
535
534
327
407
325
405
276
617
329
406
328
406
326
407
322
407
325
406
326
407
323
407
328
407
317
621
533
331
406
330
406
326
406
330
406
326
589
535
329
406
326
406
329
406
328
406
334
405
327
407
295
623
535
329
407
323
406
326
406
329
405
329
406
326
407
334
406
277
617
536
535
329
407
329
406
327
406
325
407
329
406
331
407
330
299
527
623
533
329
407
332
407
330
407
329
302
881
329
7334
2265
1340
666
549
438
616
322
406
280
427
448
719
375
406
406
330
380
461
617
328
406
328
407
330
406
331
406
330
407
322
405
327
405
327
407
328
406
331
407
326
406
327
407
321
407
328
407
328
405
330
407
330
406
334
407
327
406
328
406
328
407
328
406
331
405
329
301
617
532
534
534
330
406
331
406
328
407
335
304
358
473
514
474
367
701
373
459
617
328
407
325
405
326
406
275
615
532
330
406
328
406
329
407
327
405
331
406
324
405
328
407
329
407
327
304
617
534
533
334
406
325
406
330
407
325
406
329
406
330
406
375
617
532
330
407
330
301
381
598
361
424
857
373
473
398
516
406
272
617
331
406
330
406
325
406
322
407
332
406
328
407
328
406
328
406
326
406
326
406
326
407
325
407
327
407
329
406
328
406
331
407
277
617
534
535
327
405
325
407
328
306
614
329
406
330
407
332
406
330
405
329
406
329
406
330
405
327
406
326
407
328
406
332
407
327
407
274
617
534
533
329
406
327
406
330
406
328
405
330
407
324
406
272
615
535
329
407
333
405
329
407
277
617
534
324
406
326
406
324
406
329
407
326
307
615
532
327
406
329
407
330
406
329
407
326
405
327
583
628
328
405
324
407
326
405
328
406
329
406
330
406
328
406
330
406
330
405
407
323
405
331
405
329
407
332
406
333
406
327
407
324
406
329
407
326
407
327
407
325
406
287
623
534
277
617
535
325
407
332
407
331
406
328
406
272
617
534
328
406
331
406
330
407
324
405
329
407
328
405
325
407
330
405
331
407
325
406
327
407
324
407
328
406
328
407
332
406
330
406
331
407
328
407
332
407
326
407
329
406
323
312
613
535
534
405
329
407
406
329
407
329
405
330
405
327
405
330
406
330
405
328
407
328
405
327
407
330
406
328
407
329
407
330
407
276
618
534
534
330
405
327
405
329
407
328
407
330
407
326
407
328
407
327
310
655
514
447
586
406
398
516
407
328
406
329
406
331
407
332
406
326
406
331
405
330
406
328
406
331
407
330
406
331
407
327
406
324
407
327
407
325
405
328
407
325
406
327
406
329
406
327
406
328
407
331
406
331
405
325
406
324
406
325
406
328
406
325
303
617
532
532
535
328
407
323
406
327
407
327
407
325
406
370
699
326
307
615
326
407
279
615
328
407
325
405
327
406
276
598
459
327
405
331
407
327
407
328
407
329
407
330
406
328
405
329
305
615
534
535
331
407
328
405
329
405
330
406
328
368
621
535
327
406
329
407
326
406
327
407
330
407
328
407
272
615
535
330
316
621
326
407
325
407
328
407
328
406
329
406
328
407
327
406
326
407
320
406
329
406
331
406
330
406
329
406
407
406
328
407
329
406
327
305
615
532
535
328
406
328
406
326
406
327
406
330
405
329
407
332
406
327
405
331
407
274
617
534
535
329
406
330
407
327
406
326
406
328
405
331
590
535
331
407
326
407
331
407
328
407
326
407
328
406
331
405
327
406
331
407
330
406
328
407
325
407
328
407
328
407
325
407
329
407
327
406
327
405
325
405
280
614
626
679
322
465
371
473
382
495
407
329
406
331
407
327
407
275
620
331
406
328
406
331
406
329
407
327
405
322
407
326
302
617
534
521
327
401
853
280
522
383
517
406
329
407
328
405
326
406
331
406
328
301
617
535
330
405
324
406
330
406
329
326
623
535
328
406
328
407
327
407
331
406
327
406
330
406
327
406
327
407
326
407
330
406
330
407
330
406
330
407
330
407
331
407
333
406
327
407
329
406
329
407
326
407
329
408
326
406
331
405
326
407
324
407
331
406
327
406
324
406
329
406
327
406
326
407
330
406
330
407
275
615
533
534
535
329
406
326
407
330
407
333
407
329
407
328
407
331
407
333
407
331
406
274
615
535
534
329
406
329
407
325
406
328
406
329
406
326
405
327
407
329
407
331
406
329
406
327
408
328
407
329
407
328
406
333
407
330
406
328
406
330
405
331
407
332
406
328
405
324
406
320
407
325
407
326
406
332
407
328
308
373
764
280
473
377
473
405
277
615
405
568
326
407
468
407
325
406
330
407
328
570
329
407
329
302
615
532
533
331
407
329
407
330
570
329
406
326
406
330
333
623
532
328
406
331
406
325
407
330
407
326
406
325
406
331
407
277
619
702
667
366
474
381
496
406
327
406
327
406
329
405
330
407
327
407
276
615
535
326
299
617
335
406
327
406
327
407
275
620
327
405
294
624
330
407
325
407
325
406
328
406
328
407
326
379
689
425
447
621
406
398
516
570
273
617
330
407
321
407
333
407
330
300
631
534
334
407
330
406
329
406
329
406
334
407
327
406
326
405
325
406
323
405
323
406
332
405
331
406
327
406
328
406
323
407
328
407
331
308
623
533
532
327
405
406
328
407
323
407
29
406
406
326
407
327
406
328
301
617
534
535
532
328
407
330
405
329
406
329
405
328
406
329
407
326
407
329
406
330
406
329
406
329
406
328
406
327
407
328
407
331
407
328
406
327
405
330
407
329
405
329
406
330
407
485
547
534
535
536
327
407
326
406
324
405
331
407
328
406
329
407
331
407
323
405
327
406
330
406
330
406
279
622
534
534
334
407
330
406
326
405
329
407
324
407
328
406
327
407
328
406
330
406
329
406
275
617
533
532
328
408
325
405
326
407
329
405
330
405
329
406
329
406
326
407
331
406
326
407
328
406
329
405
330
407
326
406
327
407
327
406
326
407
276
616
534
532
327
407
328
406
325
407
329
406
331
407
329
407
330
405
329
407
329
407
330
406
328
406
331
406
321
407
328
407
323
406
327
406
327
407
288
607
535
534
332
406
328
406
326
406
329
406
328
407
280
617
532
331
406
328
405
331
406
329
406
331
407
330
406
326
407
329
407
326
369
689
417
446
620
406
414
516
406
327
407
327
407
327
406
330
406
282
613
337
621
329
405
329
405
328
406
330
406
328
405
330
407
328
405
324
407
327
406
328
406
328
406
328
406
328
406
328
407
328
407
328
407
326
406
332
406
330
406
328
406
330
407
329
405
333
405
275
618
534
534
535
328
407
327
406
328
407
328
334
623
534
328
406
329
407
328
406
325
407
331
406
327
407
328
407
326
407
331
407
330
407
329
406
326
406
327
407
326
407
328
407
329
406
330
608
488
623
330
406
331
326
621
271
617
328
407
329
407
326
405
325
572
532
329
407
273
617
324
407
330
407
323
405
326
407
327
406
326
305
615
534
277
614
326
407
326
406
327
407
328
407
327
406
323
407
330
406
329
407
331
406
327
314
609
532
535
329
405
325
407
326
407
328
407
328
405
326
406
330
407
328
407
325
309
615
534
535
273
617
329
405
329
407
329
407
329
406
334
406
328
406
329
406
328
407
330
406
327
405
329
406
331
405
329
407
327
405
328
406
326
305
618
534
534
330
405
331
407
326
406
331
407
406
407
327
406
331
406
277
615
532
330
406
331
406
331
407
329
407
323
407
327
367
623
532
330
407
327
407
328
407
328
406
326
405
327
405
327
386
686
423
450
619
362
479
479
616
280
616
330
407
331
407
328
406
331
345
623
533
327
406
326
407
328
406
327
406
329
407
325
407
326
407
329
407
325
407
327
406
327
406
331
406
327
305
617
535
534
330
405
325
407
329
405
324
406
329
406
327
406
329
407
323
406
330
406
330
406
327
405
324
406
329
405
327
406
327
407
329
407
330
406
326
406
328
406
276
615
534
535
328
407
328
407
326
407
328
405
327
406
330
407
327
406
326
407
321
407
335
405
335
407
327
407
328
406
327
405
328
406
327
407
329
598
532
535
330
405
327
407
328
407
327
304
618
532
329
406
322
309
617
326
407
331
405
327
406
332
406
329
406
326
406
328
407
325
407
326
407
325
407
327
406
327
406
327
407
331
405
332
301
623
533
534
330
406
329
407
327
407
328
405
323
406
330
407
322
309
617
535
534
326
406
329
406
328
407
328
565
277
615
326
407
275
617
326
405
325
406
330
406
328
405
329
407
327
405
327
407
325
407
327
407
327
405
330
405
327
406
326
406
326
407
330
406
327
406
327
406
325
407
333
405
326
407
327
406
326
405
326
407
328
406
323
407
334
406
327
407
328
406
329
406
328
405
329
407
330
406
328
406
329
407
406
407
327
406
332
406
321
407
333
406
332
406
329
408
330
406
325
307
691
423
447
622
406
413
529
405
326
407
328
407
329
407
274
619
534
327
407
330
407
329
407
327
405
331
407
328
405
326
406
330
407
328
406
333
406
330
406
333
405
327
407
324
407
326
407
329
406
326
406
325
407
325
407
330
406
326
406
327
406
327
407
326
407
327
407
330
406
329
405
331
406
329
405
326
407
330
407
327
407
327
405
327
406
326
407
328
407
325
405
327
406
327
406
327
406
328
405
327
306
617
535
532
535
329
405
331
405
300
701
407
405
407
406
326
407
324
407
332
406
337
406
327
407
326
406
325
407
301
623
534
287
442
764
279
489
390
446
677
316
514
440
367
701
281
503
406
331
406
326
406
326
407
329
405
325
407
328
406
325
407
331
406
326
406
327
406
271
617
534
535
334
405
328
407
328
406
326
406
327
406
328
407
327
406
326
407
326
407
320
623
534
534
329
406
333
407
329
406
325
407
330
406
328
407
326
407
327
407
325
407
327
406
333
406
327
406
328
302
614
279
614
534
327
407
274
614
327
406
327
406
327
406
327
406
330
300
614
534
330
405
326
406
326
406
325
406
332
297
618
534
325
406
327
405
326
407
325
406
328
406
327
406
330
406
326
406
334
405
330
407
328
407
327
406
332
406
327
406
329
407
331
406
327
322
689
425
446
386
609
367
496
362
760
496
538
333
707
327
406
329
405
333
570
325
405
328
407
324
407
329
407
328
407
329
407
468
406
330
407
328
405
329
406
327
407
329
406
330
405
329
406
326
406
325
407
329
407
331
407
327
407
468
360
625
535
532
326
406
329
407
328
405
329
406
330
406
323
406
325
405
328
407
330
405
324
407
327
407
406
326
407
279
761
327
368
474
389
504
405
329
406
327
406
325
362
623
535
330
406
326
406
467
407
276
619
328
407
326
405
326
406
332
406
328
406
328
405
331
406
329
406
329
304
617
532
535
331
406
328
406
326
568
328
407
328
406
323
406
326
407
328
405
328
406
329
405
329
406
326
405
328
406
328
407
330
407
327
407
322
406
330
406
328
306
616
535
532
329
407
327
405
323
406
327
406
325
405
326
405
328
406
327
406
325
407
328
406
328
406
328
406
325
407
325
406
326
407
328
302
617
533
534
467
407
332
406
326
406
330
407
325
406
328
405
326
406
327
406
328
406
326
407
325
304
617
534
533
330
406
319
407
326
407
326
407
330
406
325
406
328
405
329
407
326
406
325
407
327
405
328
405
329
303
617
534
468
434
329
406
331
405
331
405
330
407
331
407
330
406
331
406
326
302
617
535
532
327
307
377
857
280
521
399
515
406
327
406
321
406
329
406
327
406
330
406
327
407
334
405
326
407
329
406
329
407
327
405
374
616
532
497
327
406
407
538
327
406
327
407
327
406
323
405
331
407
274
617
533
331
405
330
406
325
406
329
407
329
407
333
406
330
406
328
406
322
406
330
405
279
612
535
534
327
406
330
406
326
407
329
405
327
406
329
405
324
407
329
407
334
407
326
407
325
385
623
534
534
328
406
329
406
332
406
326
406
323
406
321
406
329
407
329
406
330
406
331
406
327
406
330
405
329
407
329
406
327
407
329
406
330
405
324
349
623
277
761
467
406
330
570
327
407
332
406
278
636
281
410
481
570
327
407
324
406
323
407
328
406
331
406
332
407
329
407
331
407
324
405
322
406
332
406
324
406
328
407
328
407
328
405
406
322
406
332
324
613
533
534
326
406
326
407
326
405
330
406
326
407
327
406
327
405
328
407
329
405
330
407
327
406
323
406
328
405
332
407
327
406
327
405
319
406
326
406
329
406
273
615
532
270
618
534
276
617
329
405
325
407
324
407
328
405
330
407
326
407
327
405
326
407
328
405
324
405
328
372
623
535
534
326
302
616
277
361
554
325
405
333
359
618
283
618
330
405
329
406
327
406
330
407
325
407
326
406
329
406
326
406
287
447
857
280
522
413
481
330
357
461
513
462
368
701
300
495
406
327
407
327
405
325
405
327
407
326
407
331
354
791
630
370
474
377
496
407
329
405
277
615
535
327
406
331
407
329
406
329
407
326
405
330
406
329
406
322
407
329
407
331
406
330
407
332
407
330
405
326
405
329
407
323
406
271
617
535
534
325
407
325
406
325
406
329
407
329
407
326
405
329
407
328
405
330
405
328
407
328
407
332
407
329
407
330
406
325
407
329
405
329
406
325
407
325
406
329
405
329
407
327
407
327
405
325
407
327
406
329
406
327
405
332
407
328
406
328
302
617
533
532
535
331
405
325
405
326
406
327
407
326
406
319
621
534
328
407
324
406
328
407
327
572
534
330
407
328
406
328
407
328
406
327
407
328
407
327
405
330
406
276
617
534
535
330
406
323
406
326
407
328
406
326
406
327
406
327
407
324
406
324
407
407
406
407
330
304
616
534
532
328
407
325
407
327
407
323
406
326
406
326
405
329
406
328
406
322
406
326
406
330
405
330
406
323
407
328
406
329
405
325
407
331
406
330
406
329
405
330
406
329
407
327
407
326
407
327
406
327
406
327
406
334
407
326
406
325
379
621
533
532
328
299
617
330
405
329
407
326
407
329
406
330
407
327
406
327
406
333
305
618
515
446
596
405
399
516
405
326
405
326
406
329
407
328
406
329
407
329
407
327
406
329
406
328
407
327
407
330
405
327
406
329
407
326
406
325
407
325
407
328
407
328
407
326
406
326
407
329
405
328
407
328
405
327
405
324
405
328
407
326
406
327
406
329
405
325
407
327
407
325
407
328
407
328
407
326
406
325
408
329
406
327
406
327
407
325
307
615
358
789
611
448
376
474
406
327
406
321
407
327
406
407
328
407
328
407
325
407
323
407
329
407
322
406
328
406
327
407
331
407
324
407
328
406
327
407
327
407
328
407
331
407
324
407
327
407
275
617
533
534
535
330
407
329
406
330
406
331
406
333
406
274
615
536
328
406
331
405
329
407
327
406
325
405
330
406
327
303
615
534
534
328
407
326
407
330
405
329
406
329
407
329
407
327
406
331
407
330
405
334
406
328
405
329
407
327
407
325
406
323
407
328
406
406
326
406
328
407
330
406
321
405
326
406
328
322
623
535
451
474
328
406
327
406
326
405
328
407
328
405
328
406
329
405
327
317
564
623
327
407
325
407
325
407
325
405
327
407
327
406
331
407
326
406
327
405
332
407
327
407
334
407
330
405
326
407
329
406
330
407
328
407
328
407
331
406
327
406
330
406
328
407
328
406
331
405
325
407
331
406
328
406
331
406
327
407
323
406
328
407
330
406
274
616
534
533
534
329
562
330
405
332
406
326
407
328
406
329
405
331
407
330
406
333
407
331
406
326
407
327
407
330
407
328
407
330
406
328
305
618
534
275
617
273
617
331
405
330
406
331
406
332
406
326
407
328
406
326
408
329
406
326
407
328
406
330
405
327
406
329
407
328
407
326
405
329
406
325
646
355
623
533
325
406
326
324
623
326
407
324
407
327
406
327
405
331
407
328
406
328
406
330
407
330
302
623
537
278
615
330
405
334
405
327
406
332
407
328
300
615
534
328
406
324
407
327
362
623
328
406
326
407
331
407
329
405
330
407
333
407
326
406
324
406
325
406
326
406
328
407
329
407
324
406
330
407
328
406
323
407
320
407
323
406
325
406
329
407
330
406
330
407
330
407
329
406
287
623
533
534
326
407
329
406
330
405
329
405
327
407
328
405
322
407
327
407
328
304
617
535
532
329
407
326
407
333
405
326
407
326
405
326
407
327
406
334
406
329
407
321
406
327
406
325
407
329
405
330
347
702
415
446
701
278
461
615
322
406
327
407
328
407
328
407
327
407
329
407
328
406
325
407
330
407
327
406
326
407
332
407
329
407
329
406
328
407
327
406
328
406
333
407
329
405
329
407
328
304
361
619
626
334
406
322
406
335
406
328
406
329
405
327
406
330
406
327
407
330
405
333
406
326
407
328
407
324
407
326
406
330
298
615
534
532
324
406
327
406
323
407
279
615
396
445
329
407
329
574
327
341
772
750
636
604
326
407
328
406
325
407
327
406
325
406
332
407
329
407
328
406
327
406
326
406
325
407
327
407
332
407
324
407
333
406
330
406
329
406
330
406
326
407
325
407
327
406
328
407
331
405
320
407
280
687
322
513
478
699
322
429
413
327
407
327
406
327
405
327
407
328
407
328
310
782
627
371
473
377
495
406
273
617
333
406
406
325
406
326
407
329
407
290
615
534
330
407
330
405
325
406
326
406
323
407
326
407
327
406
332
406
334
560
535
534
329
406
326
406
325
405
327
407
327
407
326
406
326
406
322
407
330
405
326
407
324
405
327
406
327
406
329
406
329
407
328
407
327
406
330
407
326
406
329
406
327
407
326
406
327
407
328
406
326
405
326
407
330
321
621
534
535
532
326
407
331
406
328
407
322
407
327
407
330
406
327
407
331
406
329
406
334
406
327
407
331
406
321
407
324
405
329
407
328
406
330
406
335
407
328
407
326
407
326
407
327
406
325
406
330
406
324
407
335
405
334
406
329
406
332
405
327
405
330
406
326
407
326
405
327
406
325
408
327
407
325
406
326
406
327
407
325
406
333
407
331
405
326
406
326
302
617
535
534
535
330
406
330
313
776
630
370
474
377
460
617
330
406
329
407
334
406
322
407
328
405
321
406
327
406
327
406
325
406
327
407
327
405
326
407
328
407
330
405
282
355
475
513
475
368
699
282
459
615
331
406
327
406
329
407
327
406
331
406
332
406
326
406
326
407
329
406
327
405
335
406
326
406
326
405
314
624
534
493
327
405
407
538
327
405
330
407
284
533
532
329
407
327
406
321
406
332
562
535
329
318
623
326
407
328
405
275
617
328
405
330
407
332
406
327
407
324
405
330
407
331
406
329
405
330
406
328
406
325
406
324
407
329
407
323
406
324
406
327
407
325
407
326
406
326
405
327
407
331
406
328
406
329
406
330
407
330
405
325
406
327
406
326
406
330
406
328
406
331
405
325
406
329
407
326
304
617
278
617
532
533
329
407
331
407
329
321
442
765
397
609
452
617
324
407
328
406
330
405
327
406
325
405
325
406
324
407
325
407
326
406
324
405
325
406
325
406
326
406
331
406
330
407
327
407
326
405
326
303
617
534
535
532
326
406
328
407
328
407
323
406
325
407
329
406
329
407
326
407
329
407
330
406
327
566
284
489
709
334
406
328
407
329
406
330
407
330
406
330
405
328
407
327
407
328
406
326
406
334
406
330
406
329
406
330
407
326
406
327
406
326
406
329
405
325
407
327
407
331
406
328
406
326
406
330
406
326
407
329
406
329
407
327
407
329
406
331
406
329
406
331
406
329
407
325
407
332
406
328
310
441
765
280
473
391
474
405
329
407
328
405
329
406
328
406
272
178
617
532
534
535
329
407
329
407
330
406
333
405
327
407
332
375
791
630
370
474
377
496
406
328
405
328
406
326
407
325
405
324
406
325
405
327
406
328
406
327
405
326
407
325
407
326
406
326
406
319
406
330
406
328
405
328
407
328
406
328
407
326
406
327
407
327
406
326
407
327
406
327
407
285
709
709
275
615
330
407
328
407
325
407
327
406
326
407
330
407
329
407
328
406
325
406
329
406
329
405
332
407
328
406
327
406
329
407
325
407
331
406
324
406
325
407
327
406
328
407
276
617
532
534
532
330
406
330
625
328
406
326
406
326
407
330
311
623
533
321
407
326
407
329
406
327
405
329
406
331
405
327
406
327
406
323
406
329
405
331
405
330
405
330
407
327
406
330
406
329
406
273
615
534
534
326
407
331
407
272
615
331
406
329
406
329
406
329
407
325
407
330
406
333
407
320
623
281
425
778
554
473
392
496
407
332
407
327
407
331
406
324
406
331
406
326
407
327
406
326
406
330
406
325
305
617
532
276
621
326
407
328
405
328
406
332
407
328
405
325
584
628
332
406
330
407
331
406
326
407
326
406
325
407
326
407
324
405
330
407
329
406
326
407
329
375
623
534
535
327
407
325
405
328
405
328
405
330
302
617
534
331
407
325
407
327
407
328
405
327
407
330
406
329
407
324
569
534
534
323
407
329
406
327
406
329
406
276
617
534
331
405
323
405
329
406
326
407
327
405
323
406
326
407
326
406
328
407
330
406
329
405
327
407
325
407
329
407
327
407
326
407
328
406
327
406
328
407
324
406
326
407
329
407
329
407
329
407
406
407
325
406
328
407
330
407
324
407
329
406
326
406
326
407
330
407
326
406
327
407
325
405
283
442
765
370
701
276
496
407
328
405
322
406
275
615
534
331
406
329
406
328
406
324
407
327
406
331
406
329
407
320
405
329
405
273
617
534
533
324
406
270
617
324
406
327
406
334
406
324
407
330
406
331
406
333
406
274
617
533
534
329
407
330
407
326
407
327
407
332
405
328
406
326
406
322
406
326
406
328
406
326
407
328
406
326
407
327
407
325
406
331
407
327
406
327
405
327
407
329
406
328
406
327
406
325
406
277
617
535
532
533
330
407
325
306
617
330
406
331
407
329
407
328
407
329
406
276
617
532
329
406
332
407
280
617
328
406
328
405
328
407
330
407
327
407
333
405
326
406
326
407
333
405
325
407
332
406
323
405
330
315
613
330
406
328
407
277
617
324
407
326
407
331
300
617
532
326
407
328
406
326
407
270
615
374
792
631
371
473
378
495
407
329
406
329
406
329
407
327
406
325
407
327
405
330
602
533
326
406
324
406
327
408
329
405
333
406
330
407
328
407
330
406
329
407
330
407
327
299
615
534
535
327
407
329
406
326
407
327
405
327
405
278
617
535
327
407
329
407
328
406
328
406
327
406
330
406
328
405
329
305
614
535
535
329
406
326
406
327
407
322
405
325
378
623
534
330
407
325
407
327
407
329
564
535
325
406
328
406
329
406
324
406
328
405
330
406
328
406
330
407
329
406
405
341
407
330
406
328
406
326
406
325
407
330
407
328
406
330
406
324
408
327
406
330
407
326
406
328
407
327
406
324
406
332
407
326
405
328
407
329
407
329
405
327
406
325
406
330
405
321
406
330
406
329
406
326
407
325
405
331
405
323
406
324
312
443
765
370
702
277
496
406
330
405
328
407
329
407
330
406
322
407
329
407
333
407
325
407
326
406
328
401
621
535
329
407
327
407
323
406
327
406
328
405
328
407
330
407
326
405
329
405
329
406
324
406
326
407
328
608
534
534
327
407
333
407
323
406
269
617
535
328
406
327
406
330
406
331
407
326
407
329
405
330
406
327
405
328
406
327
405
327
406
327
407
327
406
328
407
327
406
328
406
332
405
332
406
325
406
327
405
329
305
623
489
621
328
406
325
407
330
407
327
407
328
405
328
405
327
405
323
407
322
407
329
406
329
405
329
406
334
406
326
405
333
407
327
406
330
407
321
406
329
407
328
406
324
407
329
406
328
406
327
405
327
407
328
407
326
407
326
407
326
406
327
406
331
406
328
406
324
313
373
763
369
436
447
658
325
406
329
406
330
407
327
405
327
406
329
406
329
406
333
405
324
406
328
406
331
407
323
407
331
406
327
406
329
406
277
617
533
534
331
304
615
406
569
330
405
468
406
325
405
330
405
469
405
328
407
328
405
323
406
326
407
324
407
324
569
329
407
326
407
331
406
329
405
333
406
326
405
276
617
534
330
419
405
442
406
407
407
474
406
329
407
327
406
329
303
615
534
329
405
327
407
327
406
327
405
326
407
328
407
327
405
331
407
330
406
326
406
326
405
326
407
332
406
331
405
324
407
326
406
328
407
324
405
326
407
331
406
330
405
328
301
617
677
358
623
330
406
326
406
330
405
324
407
332
406
328
407
326
406
276
617
535
450
324
407
405
540
329
406
331
307
855
492
407
429
406
407
325
593
329
297
617
329
406
325
407
323
405
325
407
326
407
326
406
280
854
280
473
376
472
407
329
302
616
532
330
406
332
406
327
407
329
405
326
406
330
405
327
407
330
310
622
534
535
326
407
320
407
334
406
330
407
330
405
327
405
325
305
762
535
532
327
407
329
407
329
406
326
407
325
406
325
407
327
406
323
405
325
407
324
405
324
407
325
406
322
306
617
534
535
329
406
327
407
321
406
327
405
326
406
329
406
328
406
329
407
331
407
326
407
329
406
328
405
330
406
333
406
327
406
329
406
327
406
327
407
328
407
324
407
323
406
281
615
532
534
535
324
407
328
407
330
406
328
405
328
407
327
406
323
407
323
407
329
406
329
407
326
406
329
406
327
406
328
406
334
406
286
443
763
403
406
429
406
406
329
406
324
407
330
406
329
406
327
407
328
407
335
406
326
407
322
406
326
407
333
406
325
407
326
407
329
405
334
406
328
407
327
407
323
406
329
406
333
406
326
304
615
534
535
534
327
405
327
407
330
405
320
406
326
405
326
407
329
407
328
407
327
405
325
407
323
407
328
407
328
407
328
406
328
406
328
406
326
405
324
407
329
406
330
405
321
406
327
407
330
406
330
407
333
405
331
407
325
406
327
407
329
407
324
407
327
406
334
406
326
407
324
405
328
407
272
617
535
427
623
329
581
329
405
330
406
543
323
306
617
281
614
297
364
615
323
406
296
623
329
405
331
312
623
330
578
278
615
360
766
326
453
492
368
473
389
503
407
329
407
329
405
325
407
326
406
324
405
330
407
330
407
282
443
765
281
630
278
496
405
323
406
329
407
331
406
282
615
534
276
617
327
407
328
405
330
406
329
406
331
407
327
405
275
616
534
330
406
328
406
327
406
327
405
330
405
324
405
322
407
331
407
326
406
331
405
328
406
329
407
327
406
326
406
332
406
327
407
329
407
326
407
328
406
327
407
330
406
320
407
326
406
330
406
323
406
329
405
328
407
328
407
330
405
326
407
327
407
326
406
332
405
328
407
326
405
325
407
331
407
325
406
329
406
327
405
330
407
329
407
326
406
321
407
327
406
328
406
274
360
617
534
532
535
327
406
329
405
326
407
276
617
532
327
406
336
406
328
406
325
406
326
407
326
405
328
300
617
535
532
333
406
333
405
325
406
325
623
327
406
329
405
328
407
331
405
273
615
534
330
405
330
407
327
407
328
375
791
630
370
474
377
496
406
328
407
332
407
329
407
329
406
326
406
328
407
327
406
330
406
328
406
328
406
324
406
323
406
327
407
325
407
329
406
325
407
327
407
329
405
323
406
329
382
624
534
534
326
407
327
407
324
406
327
406
326
406
329
405
330
337
623
535
329
406
326
407
326
407
329
406
326
406
326
406
407
327
407
332
407
325
333
623
534
535
330
407
330
406
326
406
334
406
278
694
287
760
701
850
438
495
501
474
329
613
329
407
330
407
330
405
334
407
328
407
331
406
327
406
331
406
329
406
327
406
326
407
329
406
330
406
325
405
326
407
323
407
328
406
327
406
322
407
327
407
327
406
325
405
297
623
535
532
330
406
325
406
271
617
532
327
406
327
406
322
306
617
532
326
407
327
407
325
407
326
407
325
316
446
765
282
472
378
496
406
329
407
328
590
324
406
326
406
329
407
325
406
328
406
327
407
326
406
324
406
327
406
328
406
327
405
328
407
328
405
328
406
328
407
331
406
328
406
330
406
328
407
329
405
322
406
272
617
532
535
534
328
405
335
405
328
406
326
406
326
407
328
407
329
407
329
407
324
406
328
407
326
406
331
406
323
407
325
405
329
405
328
407
325
406
326
406
331
406
332
407
329
407
329
406
330
405
330
406
330
406
330
407
327
406
328
600
624
534
331
407
406
406
330
405
299
624
329
581
323
307
616
277
616
325
405
326
407
328
405
325
407
327
407
327
406
329
405
330
406
331
406
326
406
328
405
329
406
329
407
327
407
332
407
329
405
328
406
328
406
326
405
327
407
330
405
329
406
331
406
331
406
325
407
327
309
783
470
629
391
495
405
331
406
301
623
329
407
329
405
330
407
328
405
329
407
276
617
535
328
406
327
407
332
406
325
407
329
407
329
407
327
406
329
407
329
407
331
406
327
405
328
407
330
406
328
406
329
301
617
533
532
326
405
329
406
322
407
325
406
325
406
328
406
329
299
617
534
533
325
407
324
405
329
407
328
407
327
300
618
534
330
407
325
406
330
407
327
406
329
406
328
407
327
405
321
624
534
327
300
615
326
406
327
406
330
405
331
406
328
406
328
377
623
534
328
405
330
406
329
407
327
406
329
407
327
407
330
406
326
406
327
406
327
407
324
407
325
405
330
406
325
407
324
568
533
534
325
405
329
407
329
407
330
406
330
406
327
407
330
406
327
407
331
407
328
407
329
405
326
406
333
406
331
407
320
314
784
627
371
473
377
496
405
329
406
331
407
326
407
326
407
274
620
328
406
328
406
330
406
326
406
329
407
330
407
329
405
329
405
331
406
327
406
327
405
328
406
327
407
325
406
330
406
323
407
327
406
328
406
328
406
330
405
330
407
330
407
335
406
331
406
325
406
327
319
588
524
699
361
604
325
406
327
406
333
406
329
406
328
407
326
407
328
406
326
406
327
406
327
406
327
407
328
405
328
407
329
406
328
405
328
406
334
407
326
405
327
407
330
407
328
406
323
326
622
532
534
330
407
334
407
329
407
278
616
383
470
407
326
407
327
407
327
407
330
406
328
406
327
407
327
407
328
407
327
406
327
406
331
405
328
405
326
406
326
405
331
302
617
533
534
329
407
328
406
327
407
327
406
327
406
326
407
354
407
325
405
328
405
327
406
333
406
329
405
327
310
858
371
699
278
496
407
326
405
328
407
329
405
330
405
330
407
325
406
332
406
327
407
325
305
615
535
532
328
407
332
406
328
406
328
405
326
405
327
407
326
407
331
406
326
407
326
406
330
407
326
406
329
406
325
407
325
407
332
406
330
406
329
406
322
405
328
407
328
407
330
407
324
406
331
406
329
405
331
406
325
407
330
407
329
407
328
407
322
406
328
406
328
407
328
407
272
621
528
535
534
328
406
326
407
277
617
327
405
327
406
328
405
329
405
330
300
616
534
277
617
324
406
325
407
330
406
325
406
328
303
616
534
332
407
329
407
329
567
328
405
328
407
330
407
325
406
327
406
324
406
332
405
328
405
328
406
325
405
327
405
328
406
324
407
328
406
329
406
332
406
324
405
330
406
330
329
624
534
534
329
407
331
406
327
405
329
407
329
406
279
856
371
474
393
495
406
331
407
324
406
329
405
330
406
331
407
326
407
272
617
532
532
332
405
329
406
326
407
328
407
331
407
327
405
327
407
329
407
326
406
327
407
330
345
623
535
534
332
407
330
405
330
407
325
407
330
406
324
406
325
407
326
407
331
405
329
299
628
534
533
330
407
331
406
329
407
325
407
327
406
332
405
332
406
326
407
328
407
331
407
326
406
325
407
326
564
533
534
326
406
331
406
333
407
334
406
328
407
327
407
325
407
271
617
532
534
327
405
333
405
328
406
321
406
326
405
330
407
327
405
330
407
330
407
330
407
331
406
322
407
327
406
327
407
327
406
324
338
625
535
534
332
407
334
406
330
405
329
405
324
407
328
405
329
405
333
407
325
407
327
407
328
405
324
406
330
314
443
762
371
702
276
495
405
327
407
329
407
329
407
329
406
327
406
326
405
329
406
327
407
329
405
331
406
329
408
330
406
326
406
323
406
332
407
328
406
329
405
328
406
328
407
330
407
329
405
328
406
328
407
329
406
326
406
329
407
329
407
329
407
329
406
329
406
330
406
331
407
328
406
325
407
322
406
335
406
333
406
325
407
328
407
326
406
327
405
325
406
272
617
533
534
535
330
406
334
406
332
407
325
407
328
406
324
405
329
406
332
407
329
407
329
406
331
406
327
407
329
406
325
319
609
274
439
416
625
322
407
325
405
325
406
329
406
326
406
330
407
329
406
329
405
325
407
326
407
327
407
328
407
327
406
328
407
323
405
329
407
330
407
330
406
331
405
330
407
326
407
332
405
328
406
326
406
330
407
328
406
330
406
329
407
325
407
282
783
553
699
276
496
406
332
405
332
406
329
406
326
407
328
405
324
406
329
406
331
405
326
406
327
406
330
406
325
407
328
406
327
406
329
407
326
407
328
406
332
406
328
407
328
406
325
406
325
406
327
407
331
406
272
615
534
534
533
326
568
327
405
330
405
328
405
329
407
329
407
333
406
328
406
280
614
676
467
570
405
324
569
323
405
329
406
277
760
534
325
407
328
406
330
406
330
406
328
406
467
405
332
406
330
406
329
407
324
406
331
406
300
623
534
535
331
407
327
406
324
406
332
405
467
407
331
406
325
405
325
302
615
533
272
617
329
407
328
406
330
405
329
407
330
407
324
407
326
406
327
406
333
405
322
407
320
406
407
407
328
406
324
405
276
616
534
532
278
614
327
405
329
407
468
405
328
405
329
334
858
491
407
429
407
306
617
328
407
327
406
331
406
326
###################### Average Latency of 10000 DELETE operation is: 390 ms #######################