366
570
589
301
512
359
701
282
495
406
326
407
328
407
329
406
323
406
328
406
329
406
327
407
284
448
755
351
466
679
492
357
473
384
496
406
332
406
330
407
326
406
327
362
365
508
514
476
410
893
382
513
382
477
617
330
406
329
406
327
405
330
406
329
407
329
407
330
407
325
405
327
406
330
406
275
616
532
534
329
405
285
444
769
282
473
378
496
406
332
407
332
407
329
407
330
406
329
407
329
407
275
361
540
381
620
381
505
450
385
871
523
437
466
624
332
406
330
406
326
398
364
448
877
365
618
407
384
478
615
334
407
328
406
324
407
328
406
328
407
328
406
329
406
328
407
329
407
325
407
327
406
327
407
328
406
326
407
329
407
331
407
30
632
629
638
660
450
405
329
406
328
405
327
407
330
406
330
407
333
407
324
407
325
407
328
405
329
406
328
406
329
407
329
406
287
447
884
281
725
407
394
442
545
441
652
407
365
480
615
331
407
328
405
330
406
329
406
330
406
329
405
328
407
328
406
331
405
280
672
315
514
486
368
473
395
483
827
467
609
363
496
407
329
407
326
407
329
406
329
407
330
407
327
407
328
406
329
407
325
407
327
407
325
406
326
407
322
406
32
356
448
507
456
356
701
371
549
405
332
407
329
407
330
406
330
304
615
532
328
405
330
407
329
406
282
615
275
617
327
407
325
407
330
405
332
406
270
617
534
281
622
280
875
368
622
406
363
495
407
288
367
456
513
454
367
701
372
495
406
328
407
330
407
329
407
329
406
327
308
623
534
330
406
326
406
282
446
852
280
522
383
478
618
330
406
329
406
330
406
329
406
331
405
328
405
329
406
329
301
617
443
786
551
349
473
378
496
406
322
707
280
875
280
641
407
394
481
471
513
473
378
474
381
496
406
329
407
330
335
856
375
474
376
496
406
329
407
328
339
448
755
289
833
5091
3476
2060
486
403
482
407
468
407
468
399
908
1120
957
631
541
430
760
329
406
324
407
327
406
328
406
406
328
405
328
569
331
570
328
406
327
407
330
406
469
406
329
407
328
722
676
679
333
568
1267
794
417
634
281
499
406
794
330
405
281
613
329
299
617
331
405
330
406
329
407
284
474
405
328
364
368
699
331
406
328
407
467
407
328
406
327
570
328
406
328
405
328
407
327
316
899
532
332
406
286
834
407
326
310
899
327
407
329
406
323
317
446
881
786
629
285
474
894
327
406
329
722
628
329
405
655
330
406
281
784
641
280
361
473
406
377
445
496
406
630
540
330
406
331
406
330
405
327
406
330
407
327
406
331
407
327
407
327
407
330
406
328
406
283
139
378
360
618
328
407
329
407
277
659
420
445
647
281
494
406
328
407
327
368
718
492
330
474
378
496
407
328
406
328
406
330
406
330
407
329
405
329
407
327
407
329
407
329
407
330
406
333
407
330
406
325
407
326
405
327
406
329
406
279
133
615
532
535
534
532
330
406
330
407
329
406
329
406
332
407
328
407
326
406
326
407
328
306
627
534
533
326
405
329
359
534
317
432
459
297
405
374
395
615
282
384
113
503
368
400
511
536
487
422
327
324
358
114
372
366
395
779
373
443
446
473
615
330
306
360
376
501
628
365
530
452
406
406
276
375
358
615
453
328
407
481
327
407
632
329
321
625
372
672
406
325
366
613
328
407
271
615
280
615
327
308
615
329
406
278
615
328
407
329
405
330
406
286
615
534
330
405
560
331
407
329
297
134
617
534
534
329
573
329
406
330
407
325
406
326
406
331
315
615
382
657
420
445
634
282
495
363
447
858
372
523
497
633
448
97
623
637
286
477
617
329
407
329
406
328
407
330
406
328
306
616
534
326
405
276
616
330
406
327
406
326
406
329
406
329
565
534
330
407
329
407
327
406
277
537
357
801
633
395
435
496
407
326
323
615
276
617
331
310
615
327
405
326
307
613
334
406
330
405
330
406
330
406
333
626
532
326
406
328
373
623
333
302
575
553
447
962
417
378
474
458
489
617
327
405
281
390
775
283
474
379
477
448
780
508
387
486
377
445
622
329
407
329
308
613
331
406
330
407
329
405
327
406
332
406
329
391
623
483
330
405
629
414
548
486
451
414
490
364
496
405
330
407
329
406
329
406
328
406
326
405
326
407
330
406
329
406
333
407
327
407
326
405
325
406
321
405
331
406
329
407
329
306
783
377
446
634
282
496
334
609
326
407
327
406
330
405
331
405
333
406
329
406
329
406
331
407
330
405
329
407
330
405
328
309
691
280
874
281
686
331
395
494
407
325
407
329
405
327
597
534
334
406
328
307
378
863
491
407
383
478
615
328
406
327
407
330
407
328
407
330
406
329
318
610
535
329
407
329
406
324
405
330
405
333
407
326
406
326
406
329
407
328
406
326
406
328
407
326
407
326
406
330
406
331
335
447
886
440
473
406
398
764
407
405
428
406
407
327
406
331
405
328
407
329
407
328
405
328
407
330
406
330
407
330
407
330
405
330
406
330
406
330
406
330
406
328
406
317
368
447
880
366
620
407
385
479
617
328
407
332
407
329
406
329
407
329
407
276
613
535
328
407
328
368
367
489
514
486
368
473
380
413
448
503
448
177
406
387
480
617
328
405
328
303
621
303
444
516
505
588
599
619
281
496
407
330
406
327
406
328
406
329
406
330
309
356
459
512
456
366
699
304
496
407
325
407
325
405
327
407
325
406
325
407
325
406
326
405
325
407
326
406
326
407
300
540
456
668
638
393
414
355
505
470
368
701
282
495
406
328
407
329
407
331
406
328
407
334
406
327
406
325
406
331
405
328
407
330
406
333
406
330
406
330
405
328
407
329
375
446
893
281
564
406
401
479
617
327
406
328
405
332
406
328
312
446
853
280
487
452
477
615
327
406
329
407
330
405
330
408
329
407
328
406
276
617
532
331
378
446
873
363
522
394
496
405
327
407
326
406
329
300
617
534
328
407
328
406
405
320
407
327
407
327
406
286
443
762
390
436
496
580
328
406
326
406
329
406
327
406
331
407
328
405
327
407
330
406
330
407
329
406
334
407
330
406
328
305
613
534
535
327
407
330
407
327
405
329
406
332
306
792
376
445
543
389
484
877
281
686
407
406
381
622
331
405
330
407
329
407
328
406
330
407
272
437
514
513
507
368
702
298
503
406
330
407
329
406
327
407
331
405
321
405
327
406
328
406
329
406
329
405
329
406
327
406
330
309
357
447
820
281
688
407
401
437
627
276
451
473
378
496
406
328
407
325
406
328
406
327
406
326
406
330
307
625
544
455
642
407
401
480
617
330
406
328
407
330
406
330
301
615
535
330
406
282
366
361
617
327
405
279
377
880
281
719
405
401
477
615
282
356
470
513
471
366
702
332
600
328
406
330
407
328
406
329
405
328
406
278
451
355
582
445
375
806
418
463
413
611
287
459
337
615
330
405
330
405
333
406
330
407
330
406
330
406
328
406
326
406
328
406
327
407
328
406
330
405
330
407
326
407
328
405
329
407
329
407
328
406
330
407
333
406
332
406
328
407
327
311
445
827
537
390
708
635
406
429
407
405
330
407
327
406
333
405
329
407
328
406
331
406
329
406
328
405
330
406
329
406
325
406
332
405
329
405
328
406
330
407
327
407
328
407
325
406
325
405
325
406
326
406
327
405
326
316
537
774
621
329
407
332
406
328
407
328
406
317
530
515
446
411
624
526
660
407
399
478
618
329
405
334
405
329
407
329
405
325
406
329
298
384
365
617
534
330
407
329
406
329
407
288
451
826
407
423
379
464
448
595
446
673
406
385
479
617
327
407
331
406
329
407
331
405
274
366
443
677
556
634
393
542
496
407
329
406
329
406
325
407
329
406
330
407
334
407
329
407
329
405
328
407
272
617
535
532
329
407
328
406
332
406
329
407
272
623
532
327
405
332
407
326
407
327
406
272
617
535
326
407
326
405
330
406
326
405
329
307
384
613
897
337
464
512
684
332
378
371
376
623
329
406
328
407
330
407
330
406
329
407
329
407
330
406
331
406
330
407
329
407
330
406
329
407
334
304
362
456
513
449
365
469
667
428
367
177
177
381
385
719
533
534
535
329
407
278
718
422
389
461
617
327
405
326
406
327
406
327
407
327
407
327
407
328
407
330
405
330
407
329
301
617
535
534
327
406
328
406
328
406
327
406
327
314
447
882
364
619
406
401
479
364
669
280
503
449
691
405
386
478
617
331
405
329
345
367
494
514
490
367
473
407
407
329
377
664
330
406
332
406
329
406
329
406
325
406
329
406
332
406
328
406
328
406
324
406
327
406
285
447
875
281
705
369
469
427
617
330
407
329
406
330
407
327
406
329
405
327
406
326
407
330
405
328
406
329
407
324
405
326
406
327
407
325
406
283
645
420
445
632
282
458
380
621
329
331
444
774
283
473
377
495
399
627
273
616
333
407
328
407
329
406
332
406
330
407
328
407
323
406
329
405
329
407
329
405
327
406
327
407
277
617
534
535
282
446
857
280
522
378
495
405
326
406
327
407
327
406
329
406
327
405
329
406
333
406
276
627
628
329
407
330
407
329
406
328
407
331
405
329
406
329
406
328
406
329
406
326
407
326
406
273
367
447
878
367
620
406
400
488
630
382
504
449
368
443
600
667
405
428
374
417
623
329
406
328
406
329
407
328
407
329
407
329
407
328
406
329
406
329
407
330
407
330
405
329
404
332
407
330
407
329
407
329
407
330
407
276
617
343
376
443
518
449
541
471
466
481
445
504
317
615
291
581
332
398
858
281
675
406
399
479
617
325
407
330
407
280
176
518
514
437
390
709
311
504
405
329
406
330
405
328
406
329
407
329
407
283
448
719
526
461
785
418
474
395
496
406
325
407
328
407
327
406
334
405
330
407
275
617
534
330
407
329
407
330
405
331
406
331
406
330
407
327
407
326
406
330
406
330
407
332
406
326
406
330
407
329
406
330
406
331
407
327
405
329
407
332
406
330
325
542
364
617
533
326
406
327
407
325
364
785
637
364
472
379
495
405
330
406
325
407
313
364
447
627
448
378
743
385
689
295
496
345
400
617
329
405
328
407
329
407
330
406
326
407
277
617
497
326
406
407
539
327
407
327
407
329
405
330
407
327
406
329
405
330
406
329
406
325
405
329
590
628
329
406
275
615
330
406
333
407
329
407
327
405
324
408
327
316
442
764
389
436
496
407
329
407
326
407
328
405
329
407
331
407
329
407
328
405
329
406
326
407
328
407
330
406
330
407
331
406
332
407
333
406
327
407
327
406
327
407
327
406
326
405
327
406
326
407
330
406
329
406
330
406
329
406
329
318
617
541
535
273
615
331
406
329
406
330
407
326
407
328
407
327
406
328
408
327
316
493
514
494
367
699
285
502
407
326
406
328
405
326
405
288
430
373
455
893
281
681
379
488
635
435
421
640
479
496
518
437
403
700
301
496
406
329
407
328
407
330
406
333
407
329
406
330
406
328
406
275
533
365
447
880
364
620
405
385
478
617
330
301
617
328
300
355
615
329
406
327
406
329
406
330
405
328
565
534
329
407
328
566
328
406
328
407
329
406
330
406
329
406
331
406
329
406
330
406
330
405
328
406
281
815
378
445
621
407
382
478
615
326
407
328
406
279
444
764
342
474
378
496
336
459
623
331
406
327
407
326
407
327
406
330
407
326
405
326
407
331
406
330
405
332
405
329
405
330
406
332
407
326
406
328
406
272
617
533
534
329
372
678
628
422
493
407
328
303
615
535
330
301
359
617
275
617
328
406
330
406
326
407
280
616
278
616
328
407
327
306
616
326
406
329
405
329
407
327
407
329
318
623
535
329
406
326
405
329
406
329
406
326
407
326
405
328
406
329
406
329
407
329
633
535
328
407
329
407
327
407
328
407
328
407
329
406
326
406
330
306
366
483
683
516
425
968
615
462
378
503
406
331
405
328
407
329
311
446
887
281
665
406
400
479
615
329
406
330
406
287
541
463
327
405
325
407
325
406
330
407
327
406
329
305
618
555
455
671
406
384
478
617
329
407
279
356
617
330
408
329
407
334
406
330
406
326
305
381
673
534
327
407
327
406
331
311
368
462
907
271
367
473
382
496
405
282
358
479
513
475
367
701
373
496
329
446
851
280
521
382
478
617
329
407
328
406
329
407
328
405
330
406
329
405
329
407
276
616
532
534
329
407
330
406
328
406
328
299
617
533
332
407
330
307
375
774
284
472
378
496
406
330
405
328
407
329
407
328
406
327
369
854
110
424
448
407
331
406
329
406
329
405
406
327
305
361
617
329
407
330
407
328
406
277
369
409
482
366
447
814
280
651
406
399
478
615
328
405
329
406
333
406
330
406
331
407
330
406
333
405
327
406
330
406
330
406
327
407
325
407
326
357
366
409
619
533
534
328
405
328
406
327
404
623
275
615
277
380
357
506
449
451
925
278
535
475
401
498
407
325
406
330
406
328
406
329
407
326
406
282
632
545
456
643
407
385
479
618
330
406
327
407
325
406
330
407
329
407
332
407
329
406
329
407
281
613
534
534
328
407
327
407
326
405
328
405
328
407
328
406
330
406
332
407
329
407
277
623
535
534
331
407
329
407
281
649
551
456
667
406
385
479
615
326
405
327
408
326
566
285
432
383
626
325
407
326
406
298
624
325
406
325
407
327
407
330
406
330
405
330
405
324
407
329
407
327
407
323
407
326
407
328
407
329
407
333
301
613
446
344
381
627
534
282
356
380
771
526
760
407
421
444
615
330
407
327
406
328
407
329
406
407
407
330
407
326
407
279
632
289
551
582
507
637
289
489
615
327
311
444
772
282
473
379
495
318
615
329
407
327
406
332
406
330
406
329
407
327
406
328
406
327
407
326
406
327
406
332
407
328
407
326
406
270
617
534
533
328
407
327
407
329
406
326
406
327
407
327
405
328
407
327
406
326
407
330
407
333
405
328
310
676
280
874
282
442
360
455
667
276
617
327
407
328
406
327
407
330
407
330
407
281
355
493
513
502
615
276
474
378
504
406
329
407
310
621
33
358
846
379
447
516
381
385
479
618
331
405
332
406
330
406
326
406
273
617
465
327
406
406
332
407
329
407
329
407
329
406
328
406
329
407
331
407
330
406
329
406
326
406
326
407
327
405
327
406
328
406
323
405
334
407
329
407
329
405
331
406
328
405
333
407
326
406
332
407
327
407
330
406
328
406
330
406
328
405
329
407
330
309
695
279
627
447
381
872
482
738
285
478
617
327
406
331
407
327
407
271
617
290
499
406
329
407
329
406
330
407
326
407
325
407
325
407
327
407
285
619
629
532
328
406
327
567
327
407
325
405
329
407
326
406
327
407
326
406
327
305
617
532
535
329
405
329
406
325
407
325
407
325
406
326
303
618
275
361
400
615
533
329
407
327
405
326
407
325
313
357
451
514
458
367
701
305
496
407
328
406
331
406
329
364
589
450
447
433
653
480
366
474
379
496
407
330
406
330
390
367
463
513
462
368
701
302
495
406
328
405
331
406
329
407
329
406
330
406
329
407
329
407
329
407
332
406
330
304
640
330
456
513
369
473
406
627
329
405
328
406
329
406
330
407
329
406
328
327
365
447
887
280
665
406
401
479
617
329
332
623
329
405
328
407
329
407
320
642
274
617
331
405
330
406
330
406
329
407
331
407
330
405
330
406
329
407
329
407
330
408
329
407
328
407
328
405
328
306
378
882
280
720
405
414
478
359
355
617
330
405
332
407
327
405
331
407
327
322
623
273
616
331
406
330
406
330
407
329
407
330
407
405
407
405
327
406
328
377
623
533
331
407
328
406
330
406
328
407
328
405
328
406
328
407
329
406
333
405
329
407
327
406
306
366
447
504
448
698
406
402
478
615
333
407
330
302
617
328
405
329
407
325
407
328
372
623
329
406
331
407
329
405
332
406
328
407
329
406
329
407
328
406
326
407
327
406
407
406
331
405
329
405
328
407
329
407
328
406
329
310
475
477
435
456
503
449
357
703
280
495
406
329
407
331
407
326
407
326
406
326
405
329
407
329
407
328
407
329
303
615
533
532
328
405
330
406
328
362
358
361
615
535
327
315
455
513
455
366
702
287
495
405
330
405
329
406
327
406
326
407
329
406
330
405
331
406
329
407
329
406
330
406
328
407
330
406
330
306
636
281
549
447
664
407
385
479
461
366
449
512
448
366
701
371
496
406
331
405
329
406
330
407
327
406
329
406
328
406
274
614
279
788
369
447
656
405
386
478
617
330
405
330
406
326
406
324
406
326
407
327
406
325
407
327
407
329
407
330
406
329
406
333
405
271
615
330
406
279
492
475
328
407
330
406
329
406
329
407
328
406
329
405
329
407
329
407
334
406
325
407
324
407
328
405
329
407
326
407
327
406
330
406
327
407
331
406
328
301
358
670
532
534
329
406
327
406
330
405
330
421
465
630
406
407
406
407
327
405
328
406
324
407
282
673
280
874
282
685
406
386
478
617
329
406
325
406
326
407
328
406
323
318
449
506
449
358
699
280
496
407
329
406
327
407
329
407
334
407
328
407
327
407
329
567
628
327
406
326
407
327
407
327
406
326
405
329
405
328
407
325
405
276
615
532
534
329
407
330
405
329
406
330
406
327
405
327
406
330
406
330
406
330
406
331
408
329
407
326
405
325
319
617
270
615
534
328
407
327
407
325
407
326
406
328
566
534
330
407
330
407
327
406
327
406
330
406
329
406
330
355
399
695
601
456
513
629
437
372
437
466
495
406
331
405
329
407
328
407
277
617
534
271
617
331
406
330
407
329
406
331
405
330
317
623
532
346
407
329
299
617
532
329
406
327
407
324
405
324
406
327
406
325
406
325
407
330
407
329
406
329
406
329
406
280
672
290
513
459
367
702
281
495
405
330
405
329
406
327
345
364
617
534
323
406
328
406
329
405
329
405
329
407
328
406
330
407
331
406
328
314
623
534
534
329
407
328
407
328
407
328
407
328
611
535
328
405
327
407
327
322
425
621
326
407
329
406
326
407
327
405
327
406
327
407
329
407
325
407
328
302
617
534
533
329
405
329
407
330
390
624
328
407
328
406
326
314
448
504
451
358
701
288
658
352
615
329
407
327
300
621
278
615
328
406
328
405
326
406
328
406
331
405
332
405
327
407
327
407
279
837
379
447
653
406
401
479
615
329
407
327
406
328
406
328
407
329
406
328
406
330
407
329
407
327
407
325
406
330
405
329
407
330
407
330
407
328
407
328
407
330
406
334
405
329
407
329
407
328
406
329
406
330
406
330
407
330
407
329
406
331
406
328
407
330
405
284
695
281
872
280
676
405
402
480
617
329
405
327
406
328
406
327
314
575
623
328
406
330
407
329
406
329
407
328
407
329
407
330
406
328
405
332
406
330
406
330
406
329
361
367
471
514
474
367
701
301
721
331
406
329
303
361
359
618
534
325
407
335
406
330
405
328
305
615
534
272
617
328
406
330
405
328
407
328
406
329
303
615
532
279
624
327
405
326
407
327
405
327
407
326
406
328
405
325
407
330
406
329
406
325
407
330
406
332
407
329
407
327
406
330
407
333
405
325
407
330
306
615
533
280
661
281
512
452
367
701
282
494
407
329
407
308
365
447
881
364
618
406
399
478
617
331
406
326
405
328
405
330
407
330
407
330
407
330
406
330
406
329
310
357
480
570
623
331
405
331
405
327
407
330
406
329
407
330
407
330
406
286
446
892
281
564
407
399
478
615
274
617
328
406
329
301
616
326
406
272
356
355
615
532
330
406
328
406
329
406
328
405
327
300
617
534
329
405
327
406
327
407
329
407
282
354
703
677
361
431
470
366
615
406
406
328
407
327
407
327
406
327
407
327
406
329
407
329
406
329
406
326
406
330
406
329
407
328
407
328
406
326
406
328
570
296
707
280
875
364
620
359
469
480
615
330
407
328
406
332
406
335
405
328
405
328
406
327
406
328
406
329
406
329
405
330
406
331
406
326
407
325
406
326
405
325
407
329
406
328
405
329
314
373
389
623
275
617
533
328
621
328
330
365
447
879
281
652
405
385
479
616
333
405
327
406
329
407
329
406
280
615
535
329
406
333
627
284
632
276
615
329
406
330
407
329
407
329
407
329
407
328
616
532
329
405
330
406
328
406
329
406
330
406
327
407
328
407
333
406
328
407
328
407
329
406
329
405
327
406
272
615
534
535
330
407
328
405
331
405
326
407
328
405
327
407
330
406
329
405
330
406
329
405
328
406
331
406
329
407
329
407
326
406
327
407
332
407
329
406
330
406
330
407
329
305
618
613
464
367
701
282
494
406
325
406
326
406
327
407
329
302
617
532
319
366
447
503
447
699
365
379
477
617
330
407
325
407
330
406
331
406
329
407
329
406
328
406
327
407
332
407
329
406
326
406
330
406
289
611
535
534
330
405
328
405
330
406
329
298
618
534
330
407
329
406
334
300
617
526
457
666
365
420
752
378
472
396
496
405
331
405
328
406
327
406
330
406
329
406
330
407
330
406
329
406
330
406
328
407
330
406
329
407
326
406
328
407
329
406
335
405
327
406
328
406
330
407
330
406
325
407
328
407
329
407
329
407
329
303
615
535
277
617
535
331
406
328
407
329
406
329
407
330
407
331
407
328
407
327
407
327
406
328
405
331
406
330
407
325
406
332
407
326
407
328
406
328
405
328
406
327
406
327
407
284
621
272
617
535
534
335
407
331
407
330
407
329
407
327
406
329
407
328
407
328
406
330
405
330
407
330
406
325
406
328
406
328
407
330
406
322
406
330
396
367
615
534
533
329
406
327
406
327
407
326
305
615
274
616
328
406
326
405
327
405
325
406
327
407
329
406
328
406
327
406
329
406
328
406
328
407
332
405
328
407
330
407
329
405
330
406
331
407
325
406
330
406
329
407
330
406
330
407
329
407
328
406
281
618
559
442
654
407
385
478
615
328
406
327
406
330
406
329
407
282
356
447
899
364
621
407
401
478
617
330
407
325
405
325
406
330
407
327
407
332
407
282
649
293
861
365
618
407
389
423
377
623
329
407
326
405
329
407
328
406
328
407
329
406
331
407
329
406
327
407
329
406
329
407
328
406
329
405
327
405
326
406
281
613
535
534
331
406
272
487
628
330
406
328
407
327
407
328
405
326
302
617
276
359
617
532
329
407
329
405
332
405
332
407
329
406
328
407
328
406
330
406
328
407
328
406
331
406
330
406
330
406
329
406
329
405
329
407
326
407
330
406
329
405
330
407
331
406
325
406
329
406
327
406
330
406
331
406
326
406
329
405
334
406
330
406
329
406
329
407
326
405
328
406
330
407
330
406
331
405
333
407
330
406
330
406
330
406
327
405
330
407
329
407
330
405
407
327
405
330
406
328
306
839
379
448
586
387
469
479
617
329
407
330
612
329
406
330
406
334
407
329
407
329
406
330
406
329
407
328
407
327
304
617
534
535
329
407
327
406
327
406
328
407
274
357
356
617
535
328
407
329
406
330
406
330
406
271
617
271
615
328
407
330
407
330
406
328
407
327
407
330
405
326
407
326
406
326
406
326
406
305
623
533
534
327
406
325
407
325
407
325
407
325
405
330
406
328
406
332
405
284
366
446
889
281
670
406
401
479
525
330
399
518
448
665
407
400
478
615
330
406
328
407
328
406
329
406
328
407
327
405
328
406
327
406
331
407
329
405
330
406
327
407
328
406
327
406
330
405
326
407
332
406
328
407
330
406
328
406
276
595
330
407
406
329
405
329
406
329
407
276
617
532
328
406
330
406
329
405
330
407
330
406
329
407
326
310
687
314
514
477
701
324
430
406
327
308
389
531
456
653
405
400
478
617
330
407
329
563
274
617
329
406
324
407
272
617
534
327
406
326
405
328
407
331
407
329
406
406
405
330
405
329
406
332
407
330
407
333
406
329
407
329
406
329
406
328
407
332
407
328
406
329
405
328
406
328
407
331
406
327
406
329
405
329
406
326
407
329
407
329
407
331
406
328
406
329
406
329
407
328
406
327
407
330
407
329
406
329
406
332
406
331
405
330
406
326
405
330
406
330
406
330
407
330
405
329
407
329
406
327
309
363
418
622
275
466
1532
987
535
406
544
324
407
326
407
328
566
326
405
326
407
328
406
329
401
623
328
407
279
615
330
406
326
407
274
359
355
617
533
330
407
328
307
633
281
608
442
414
608
365
496
405
328
407
330
405
328
406
333
406
330
406
329
406
330
406
328
407
328
407
327
407
330
406
327
405
283
648
286
1041
510
468
376
733
363
494
406
329
406
331
405
329
407
331
407
328
405
327
405
291
617
534
327
406
324
406
325
405
326
406
327
406
326
406
331
407
331
406
332
407
329
406
330
406
329
407
328
406
332
407
329
407
321
406
331
407
329
406
330
407
330
405
334
406
330
405
335
405
382
596
624
330
406
327
406
331
406
329
406
332
406
327
407
327
407
274
615
535
534
328
406
329
405
328
406
328
406
329
407
330
407
328
406
331
406
329
406
275
618
534
344
623
328
407
330
407
329
405
276
676
329
303
617
329
407
329
405
330
407
329
407
329
406
329
407
328
406
330
407
333
406
329
406
330
407
329
406
329
405
330
406
330
407
327
405
328
406
325
405
327
407
327
405
329
406
327
406
326
406
326
407
328
406
326
407
327
407
327
407
327
579
624
532
274
615
326
405
281
361
620
544
456
655
407
399
478
617
329
405
330
406
325
405
329
406
326
407
327
405
333
407
313
709
281
872
281
646
405
385
480
617
328
406
330
406
329
407
328
407
310
623
532
326
407
330
406
327
407
326
407
328
406
328
407
331
406
328
406
330
405
330
407
328
407
329
407
329
406
272
617
532
534
329
406
328
407
329
406
330
405
331
406
285
447
890
281
565
395
494
405
329
57
615
532
535
329
406
330
406
326
406
328
407
406
406
329
407
327
405
326
407
325
407
325
306
617
534
535
325
406
328
405
326
406
326
406
329
406
326
407
326
407
331
406
271
615
535
534
328
407
326
407
326
407
327
407
332
407
327
407
328
406
329
406
329
406
328
569
626
331
407
328
407
330
407
328
407
329
407
332
406
327
406
329
407
330
406
271
617
534
329
406
327
406
327
406
327
407
329
407
328
305
616
532
331
406
327
406
330
405
327
406
330
407
332
407
328
406
327
406
272
617
535
534
275
615
326
405
331
406
333
406
327
406
329
406
328
407
328
405
326
407
330
405
330
406
331
406
330
405
331
406
329
405
328
406
330
406
330
407
327
407
329
406
330
407
277
615
535
534
329
407
329
407
329
406
328
407
326
407
325
568
283
446
878
280
646
405
401
479
617
331
405
330
405
329
407
329
406
329
405
328
406
328
406
327
406
328
406
326
407
328
405
330
406
330
406
330
406
330
407
332
406
329
406
330
564
625
534
327
406
332
407
328
407
329
405
327
406
326
407
327
407
328
407
329
407
329
407
331
406
330
406
330
405
326
405
327
406
327
407
325
407
327
405
273
614
535
534
327
619
325
405
331
406
329
312
448
887
280
565
406
401
480
615
328
406
332
407
326
407
326
407
326
406
329
406
325
406
329
406
325
407
327
406
281
807
377
447
620
406
382
477
617
334
407
327
405
329
405
328
407
327
407
330
312
448
896
281
641
407
395
464
608
330
406
328
405
327
407
332
406
329
407
287
623
533
330
405
330
407
330
405
328
406
327
406
329
405
331
407
330
406
329
407
272
617
533
532
328
405
326
407
324
405
328
407
326
406
326
406
327
407
328
406
327
407
327
406
328
406
326
406
326
405
331
406
331
407
325
406
325
405
326
407
324
407
324
407
326
407
326
407
327
406
325
405
326
406
327
407
326
406
325
405
329
407
328
407
328
405
329
406
329
406
328
405
326
406
329
406
281
620
564
452
659
407
385
480
617
326
407
325
407
325
407
326
405
324
406
329
405
331
407
330
407
330
297
615
535
534
328
406
406
406
406
328
406
326
405
328
405
328
406
327
405
327
406
331
407
325
406
329
407
325
406
327
406
326
407
325
406
328
405
623
534
533
331
406
332
406
329
405
331
407
329
407
329
407
329
407
326
406
327
406
329
406
328
407
328
405
327
407
330
406
329
407
329
377
623
533
532
328
405
329
406
330
407
327
406
329
405
330
406
330
406
332
407
327
309
671
281
374
450
691
406
386
480
617
313
623
325
406
276
617
330
406
330
406
330
406
330
407
279
613
533
330
406
331
405
331
406
335
405
330
406
330
406
329
407
329
405
328
405
328
407
328
406
328
407
329
406
324
407
326
405
327
406
329
405
330
406
329
406
328
405
329
406
335
407
329
406
331
406
329
407
329
406
327
406
331
407
329
407
329
407
329
407
327
407
326
406
329
405
330
406
330
406
329
405
326
407
326
406
326
406
326
406
326
406
325
406
324
406
325
407
325
407
324
406
272
617
534
278
617
534
330
406
330
405
335
406
332
406
329
407
329
407
331
407
282
706
280
873
364
620
407
400
479
617
326
407
327
405
330
406
327
405
329
407
330
406
328
406
330
405
329
407
330
407
329
407
330
406
284
614
280
506
357
449
358
701
303
496
406
333
406
330
407
330
406
330
406
332
406
325
406
328
407
328
407
282
681
281
504
449
357
701
288
480
617
328
407
329
407
330
405
329
406
325
407
333
406
329
407
330
407
328
407
328
407
327
407
329
406
329
407
330
407
329
407
331
406
331
407
329
407
329
405
329
407
328
407
329
405
330
407
332
590
532
535
328
405
328
407
327
407
325
406
328
406
327
405
326
407
324
406
326
407
328
406
326
310
637
281
875
280
472
406
400
477
617
328
406
331
373
367
449
698
534
442
478
517
494
407
330
405
334
407
327
407
327
407
327
406
328
407
327
406
333
406
326
407
327
300
617
535
532
328
406
327
406
330
405
330
407
330
407
327
407
328
407
275
618
532
533
329
406
328
407
329
407
331
406
330
406
329
405
329
405
328
407
327
407
331
405
326
406
326
407
330
406
332
407
328
407
328
406
407
405
330
405
328
406
330
407
328
405
330
407
329
406
330
405
327
305
618
534
532
330
405
328
406
329
405
334
407
329
406
330
406
328
406
327
406
327
406
326
407
328
406
326
406
327
406
330
406
328
406
328
406
326
406
335
405
329
407
328
407
324
407
326
406
329
407
330
406
330
406
328
406
325
406
325
407
330
407
328
407
329
407
328
407
328
406
330
407
328
407
330
405
327
407
326
407
325
406
326
407
326
406
330
407
327
407
284
446
842
279
522
399
478
617
327
406
276
472
365
615
327
569
327
407
327
406
326
407
326
405
326
406
327
406
329
406
326
407
325
405
324
407
325
406
329
406
328
406
329
357
365
615
535
473
330
406
406
540
316
633
332
406
329
300
621
329
405
272
615
328
406
326
407
325
407
325
407
327
357
449
575
534
330
377
411
446
873
285
701
406
398
477
615
274
617
329
565
327
406
325
392
623
328
405
329
406
330
406
329
407
271
178
617
534
278
423
413
504
452
592
405
397
473
407
406
330
407
326
406
327
303
616
532
330
316
370
357
615
328
407
281
368
610
329
356
665
330
405
406
295
610
329
406
327
407
329
406
329
407
330
406
328
407
329
407
330
406
329
406
329
407
330
406
328
314
611
535
534
289
609
279
364
612
329
407
279
391
504
448
620
423
387
700
326
407
326
406
330
407
329
405
275
613
342
624
279
615
328
303
615
330
407
330
407
274
615
330
315
384
379
842
293
493
431
477
387
623
327
407
326
406
275
615
534
328
407
325
407
326
407
328
407
329
406
330
406
328
407
329
405
325
406
328
309
358
615
534
493
327
407
406
539
289
642
330
406
328
407
275
615
328
407
330
361
480
847
315
368
472
397
495
407
328
314
683
331
407
329
320
659
332
405
326
308
614
328
406
326
406
332
407
326
407
320
621
532
329
405
277
615
328
407
326
406
330
407
329
406
283
623
535
326
310
358
615
309
597
277
615
315
599
329
405
330
405
325
406
275
616
534
283
365
454
503
448
357
546
474
498
616
292
495
412
331
406
296
615
330
305
618
564
456
695
407
401
479
617
328
406
325
314
446
839
278
522
410
473
617
333
310
419
460
700
349
473
397
418
688
329
405
330
405
330
407
332
406
330
406
330
405
329
407
326
305
615
389
623
279
615
327
310
615
329
406
327
406
279
615
326
373
466
365
461
326
407
325
352
367
448
505
449
358
701
376
480
617
331
407
329
407
328
405
328
407
326
407
324
626
534
329
406
330
406
330
405
330
406
330
406
332
406
322
408
329
405
329
406
330
406
328
406
328
406
329
407
327
407
331
407
327
407
326
407
325
406
327
406
327
311
359
472
513
470
368
701
372
495
407
327
406
329
405
328
405
329
406
330
406
271
619
534
329
405
330
405
330
407
330
406
330
405
329
406
328
407
328
406
328
406
326
407
327
407
329
406
327
407
327
406
276
617
534
535
328
406
327
405
330
407
333
406
330
406
330
407
296
407
862
414
489
435
543
420
505
449
357
701
376
482
616
327
407
327
406
327
406
331
407
330
406
329
407
330
405
328
406
329
406
327
406
329
407
328
406
329
406
332
406
329
406
332
407
328
405
328
407
331
407
330
407
328
407
329
299
618
534
534
535
328
406
326
406
326
407
330
406
328
405
331
406
330
407
329
406
328
407
329
406
331
405
329
406
329
407
329
407
327
405
329
406
271
615
535
534
331
406
331
405
326
386
366
447
504
448
378
607
287
478
617
326
407
327
406
326
406
328
407
29
407
406
325
405
325
406
327
406
325
407
324
406
326
406
325
406
325
406
327
406
331
406
329
406
330
406
326
407
324
407
329
407
328
366
367
471
513
470
368
701
300
469
446
842
278
520
383
478
615
328
407
329
405
283
656
421
445
621
423
360
478
617
330
406
329
405
329
407
326
407
326
406
327
407
331
406
330
407
330
406
331
407
329
407
329
407
330
405
330
407
333
407
328
407
326
406
327
406
328
406
283
355
449
504
449
358
699
305
480
617
329
407
328
406
329
407
328
407
329
407
331
405
330
407
329
406
327
407
329
407
329
405
328
406
330
407
329
406
329
406
328
405
326
361
386
606
533
532
326
407
329
406
327
407
323
623
329
405
330
406
329
406
329
407
329
407
327
407
329
407
328
406
330
407
329
406
328
406
330
407
330
406
330
406
329
405
329
406
328
406
331
406
327
406
328
406
326
405
327
405
330
405
326
407
326
349
410
447
842
372
701
292
494
406
330
406
326
407
330
406
329
406
329
406
330
405
330
405
329
305
385
363
1012
499
399
633
387
523
639
405
406
280
358
471
514
470
367
701
282
494
406
326
406
329
407
326
407
326
407
330
406
330
407
330
405
327
406
332
406
329
406
334
407
329
405
331
406
333
296
615
534
535
328
407
327
407
329
406
329
407
328
406
327
406
326
407
328
407
274
617
535
534
330
406
329
407
328
407
329
406
329
406
329
407
326
407
328
406
328
379
366
460
512
449
357
699
375
480
617
328
407
330
406
328
406
326
407
327
407
325
406
330
405
330
406
330
406
334
405
329
406
330
407
330
407
330
407
329
407
328
406
326
406
327
407
329
407
286
445
839
494
640
388
623
328
406
328
406
327
407
330
407
326
407
330
406
327
406
327
406
333
405
330
407
332
405
407
328
406
327
407
329
406
330
406
330
406
330
407
330
406
325
406
324
406
328
407
328
372
445
843
279
521
383
477
615
330
407
328
406
329
406
326
405
326
406
327
407
328
407
327
407
327
406
326
406
326
406
330
406
327
407
327
406
328
406
327
406
329
610
387
367
469
514
466
380
447
800
440
476
400
493
407
327
407
328
405
331
406
329
405
331
407
326
406
327
407
328
405
331
407
329
407
334
406
328
407
326
406
326
405
323
406
326
406
326
406
325
407
324
407
326
405
326
407
324
406
327
405
327
405
330
569
534
534
535
329
407
328
405
331
406
330
406
329
406
286
446
841
279
521
397
478
617
329
406
329
406
330
304
625
364
505
449
357
668
287
482
615
329
406
329
565
272
617
329
407
329
406
277
617
331
406
330
405
328
407
330
405
407
407
406
330
406
330
405
327
406
325
407
327
406
330
407
330
407
329
407
329
387
623
535
532
328
306
781
364
447
618
406
408
484
406
330
405
332
406
328
407
330
406
329
406
330
406
327
407
328
406
326
407
329
407
329
407
328
406
406
327
406
325
407
327
406
327
407
331
405
330
405
329
407
325
406
329
407
329
405
329
407
329
407
328
405
330
406
330
406
330
406
330
407
329
406
327
407
329
406
329
406
327
407
326
406
326
407
279
370
470
513
471
368
437
487
927
365
648
406
380
495
406
330
405
332
407
329
406
330
323
445
841
278
521
398
477
617
329
407
328
405
328
406
326
406
328
406
328
407
329
406
330
407
329
405
328
406
331
407
327
406
329
407
331
406
334
406
330
406
330
405
329
405
328
405
330
406
328
405
329
407
328
406
328
406
327
405
330
407
328
408
329
406
330
407
328
406
274
619
326
406
328
300
617
328
406
329
406
281
379
370
1042
562
740
416
369
722
329
406
329
406
329
406
330
406
329
406
329
406
328
407
329
406
331
405
328
301
617
532
534
334
406
329
407
329
300
617
534
330
406
328
406
327
407
328
406
329
406
326
407
329
407
332
407
327
406
328
407
327
405
333
407
327
406
330
406
332
407
328
406
355
405
330
406
328
406
330
405
330
407
329
406
332
407
329
406
285
446
839
494
407
383
476
618
333
295
617
330
406
329
406
330
406
332
405
329
407
328
405
274
617
277
379
356
506
438
367
699
282
496
406
328
407
328
407
274
616
534
326
406
325
407
325
379
366
449
503
449
358
701
304
480
370
622
329
405
329
406
330
405
328
407
331
406
329
407
331
407
330
406
329
407
327
406
329
407
326
407
329
406
330
407
329
306
376
840
279
620
406
393
482
407
325
407
324
406
328
405
326
407
329
407
329
405
328
407
329
407
329
405
330
406
331
406
330
406
327
406
332
406
330
406
330
406
328
407
329
407
328
407
328
407
330
406
330
406
329
405
328
406
329
407
329
406
329
406
330
407
328
406
329
406
331
406
329
407
330
406
328
406
327
405
327
399
444
839
279
521
397
476
615
326
406
329
405
301
365
449
504
452
357
701
305
481
617
328
405
330
406
333
406
330
406
330
406
331
406
330
406
331
406
329
405
328
407
329
406
329
407
330
406
330
407
326
405
327
406
330
407
329
407
329
406
328
406
328
407
327
405
329
406
328
407
283
358
474
514
474
368
701
300
495
407
329
405
328
407
330
406
330
408
328
407
329
406
328
406
327
406
333
405
329
408
330
387
669
427
446
383
493
544
456
680
407
400
478
617
328
407
328
406
329
405
328
407
331
407
330
407
330
406
329
407
328
406
277
615
535
532
328
406
328
407
324
406
325
407
327
405
328
407
329
407
328
407
327
406
328
407
328
405
326
406
289
446
839
494
642
360
493
407
327
405
331
406
328
406
334
576
533
328
406
325
406
330
406
326
406
327
407
328
407
323
405
328
407
275
617
533
534
328
407
329
303
615
322
407
319
407
327
407
326
405
329
406
327
407
328
405
332
406
327
407
329
407
327
406
328
406
328
406
330
407
329
406
326
406
325
405
329
406
322
406
328
405
324
405
330
407
329
407
326
406
323
405
329
407
329
406
323
406
329
406
327
406
325
405
326
406
331
406
330
406
327
406
325
407
328
406
334
406
331
406
325
406
308
366
470
513
467
368
701
324
624
328
406
280
376
633
358
943
508
681
406
381
495
406
325
407
331
407
328
407
324
405
326
406
324
407
329
407
327
407
328
407
330
303
618
578
456
358
701
294
486
530
441
621
405
397
478
617
329
407
328
407
328
405
326
406
329
407
331
406
330
407
327
406
328
406
326
407
406
407
326
406
331
406
327
407
326
303
616
534
534
330
407
275
617
329
407
328
406
330
408
325
405
325
406
327
407
328
405
328
406
327
406
325
407
323
407
274
617
535
534
327
406
331
406
327
407
330
406
329
406
329
406
333
406
331
406
326
406
326
406
328
407
328
407
325
407
326
405
330
405
329
407
327
406
273
617
535
534
328
405
330
405
324
406
323
406
329
406
330
406
327
406
331
407
327
406
327
407
407
406
407
324
406
326
407
328
406
328
407
331
407
325
407
328
407
329
406
330
407
330
562
628
325
407
325
407
328
406
330
406
325
407
329
406
330
405
329
407
330
406
331
406
328
406
329
407
330
407
327
407
327
405
327
407
278
621
309
513
475
368
379
485
709
334
452
454
631
445
618
423
435
612
326
406
326
407
330
406
325
407
324
406
327
407
328
407
325
406
274
617
535
284
676
281
504
448
359
699
294
515
406
328
406
322
406
330
405
327
404
329
406
324
407
330
405
324
406
276
617
327
406
330
298
617
326
407
331
407
330
405
328
616
326
405
276
617
273
617
332
406
327
406
328
406
328
312
440
513
449
358
701
371
496
406
328
406
333
406
330
406
324
406
324
406
328
406
331
406
329
406
324
407
325
406
326
406
328
406
329
405
325
406
325
407
327
406
327
407
325
406
330
406
328
406
327
407
328
406
326
406
326
407
325
405
326
406
326
406
328
407
329
406
327
406
327
407
329
406
331
405
326
300
617
534
535
532
327
406
326
407
326
405
326
407
324
407
279
799
548
473
383
478
617
331
407
328
406
331
406
328
406
332
406
329
407
327
406
322
405
329
407
325
407
327
407
329
407
326
407
332
407
327
407
326
407
325
407
329
407
325
407
330
315
623
533
532
329
405
331
407
324
407
326
407
330
406
327
405
330
406
329
319
363
617
532
535
327
405
331
406
329
405
329
377
356
506
450
365
464
841
370
414
485
626
448
700
406
387
426
615
326
405
325
407
325
405
327
405
324
407
324
407
324
406
325
405
326
406
328
406
327
407
327
405
327
406
324
405
326
406
328
405
329
406
330
406
329
406
323
405
327
406
330
407
327
406
327
406
330
407
328
405
330
406
333
405
324
363
375
623
535
532
271
617
330
407
329
407
324
407
329
406
328
406
323
406
328
407
323
406
331
407
327
406
280
798
550
701
283
493
406
328
407
330
405
328
407
331
407
327
407
327
405
326
406
328
407
278
619
583
456
358
699
281
496
406
328
407
327
407
330
407
326
406
329
405
329
407
406
407
323
405
327
406
326
405
327
406
326
405
329
406
333
406
323
406
273
617
535
534
328
405
324
407
327
406
325
407
326
301
617
532
330
406
323
406
328
407
325
407
326
405
327
407
330
407
327
407
330
406
326
407
328
406
333
407
275
617
374
647
323
406
324
405
333
407
330
406
324
406
327
406
330
406
324
406
328
405
333
406
326
406
330
407
331
405
322
407
332
406
284
690
281
873
281
681
406
401
479
680
325
406
324
306
675
422
447
620
423
436
616
328
405
325
407
326
407
323
407
329
308
800
378
446
618
407
423
465
405
536
325
315
359
471
513
479
368
701
281
496
407
325
407
331
406
330
407
326
405
327
407
330
406
332
406
326
407
329
406
328
407
326
406
324
406
325
407
329
406
330
407
327
407
332
406
328
407
326
407
328
407
326
407
328
406
275
615
534
534
535
327
405
330
405
327
405
327
406
329
407
406
407
324
313
610
535
327
406
328
406
327
407
328
406
327
407
329
407
328
406
328
407
325
407
330
407
322
405
324
407
329
405
329
405
74
406
406
326
406
325
407
324
406
326
405
326
405
329
405
331
406
327
406
326
407
326
405
329
405
330
407
327
406
329
406
329
406
311
367
482
514
439
368
699
274
504
398
623
322
407
325
406
330
407
330
405
329
300
364
803
377
447
618
406
383
477
617
333
407
330
407
327
406
325
407
325
407
327
406
329
405
329
381
365
447
894
281
682
405
386
480
617
327
406
326
363
623
326
406
327
405
329
407
328
407
279
615
535
325
405
328
406
329
406
328
313
446
841
279
492
452
477
616
327
407
329
406
330
406
332
406
325
406
327
406
328
407
324
405
328
407
328
406
329
406
327
406
330
405
329
406
325
407
326
407
328
407
325
407
329
406
328
405
328
406
325
406
328
407
277
615
534
535
534
328
407
322
407
328
406
329
407
327
405
328
406
330
407
327
401
368
475
513
474
367
699
373
494
405
323
406
330
406
325
406
330
406
329
406
329
406
328
406
328
405
333
407
330
406
322
406
328
406
282
621
544
444
621
406
423
463
407
536
326
407
324
405
329
406
329
405
325
407
331
406
327
407
328
406
329
406
327
406
327
406
327
406
329
408
326
406
329
406
334
406
331
405
332
407
328
406
323
406
322
407
326
407
325
407
320
623
535
532
326
406
330
407
329
407
327
406
327
406
325
406
326
407
329
405
327
405
327
407
329
406
325
406
327
407
327
406
327
406
326
407
330
304
406
358
504
449
357
702
287
483
619
570
456
697
406
402
481
617
329
406
328
407
327
405
333
406
329
407
328
405
326
407
328
407
328
406
327
406
327
407
330
407
327
405
327
406
325
405
328
405
281
802
377
446
621
406
409
485
406
277
616
324
407
324
406
326
406
321
406
324
407
###################### Average Latency of 10000 DELETE operation is: 401 ms #######################