380
405
612
626
290
616
333
405
329
405
324
406
327
405
327
406
326
405
327
406
331
405
321
404
336
405
330
405
324
404
325
321
614
535
531
336
406
333
404
333
404
326
405
343
547
540
330
405
326
310
354
455
503
446
357
697
370
494
406
328
405
276
616
534
336
405
330
405
328
405
325
405
327
406
328
406
329
406
272
616
285
361
616
534
329
405
326
404
337
396
325
313
446
871
328
375
634
278
459
546
329
380
622
327
406
326
404
330
404
323
406
329
406
327
373
622
534
322
406
328
314
620
324
406
326
406
328
405
328
406
329
405
325
406
328
406
328
404
329
405
330
405
277
1225
406
404
329
405
330
405
330
405
271
616
534
330
406
330
404
335
405
331
405
332
405
272
507
707
329
406
331
405
328
405
327
405
329
405
329
305
614
535
290
354
446
637
422
668
406
384
477
469
440
470
323
423
622
346
544
332
405
338
405
337
406
329
405
321
404
335
406
324
405
323
405
331
405
324
406
325
406
331
406
271
617
532
534
331
379
361
616
327
405
330
406
328
406
329
405
322
406
277
617
534
329
405
327
405
329
405
325
405
325
405
278
612
280
614
327
405
325
406
326
406
330
404
323
405
327
406
329
405
332
405
328
406
330
405
329
404
321
622
535
532
332
404
329
405
328
404
326
406
326
405
325
404
323
980
585
329
405
327
405
330
406
328
405
327
406
329
405
330
406
328
406
324
406
331
405
333
###################### Average Latency of 320 DELETE operation is: 400 ms #######################