367
401
368
623
325
407
281
432
456
513
455
368
699
306
496
407
329
315
442
764
368
473
376
469
446
845
279
521
385
479
617
329
407
328
572
327
407
327
406
330
406
274
618
534
330
407
329
406
329
406
330
406
330
407
332
406
333
407
326
304
379
895
281
565
407
395
496
407
327
407
328
405
329
406
332
406
329
406
331
406
329
407
330
406
332
406
329
407
326
568
491
364
419
875
364
621
406
400
479
617
330
406
330
406
330
406
328
407
327
406
326
406
324
407
331
407
325
405
326
315
857
369
702
286
495
407
329
405
330
407
278
628
365
506
478
370
703
282
496
407
326
302
618
532
325
406
326
406
280
782
365
453
619
406
383
477
617
330
407
329
405
328
406
331
406
325
407
327
407
327
406
328
407
331
314
443
764
370
701
285
496
407
330
407
323
406
277
617
534
331
407
327
407
331
406
327
407
328
406
330
406
330
407
332
406
327
407
328
406
329
405
326
406
332
406
329
405
328
407
331
406
331
307
665
281
875
281
426
406
408
808
302
634
291
480
617
327
407
330
406
330
407
327
406
328
407
328
406
331
407
330
406
330
406
329
407
330
300
357
615
533
532
331
407
327
406
330
406
326
405
326
407
327
406
326
406
328
405
328
406
328
302
615
533
534
325
406
327
406
332
407
328
406
327
407
329
407
329
407
330
405
331
406
330
407
330
406
281
651
368
504
448
357
702
287
515
317
617
328
407
328
407
328
407
332
322
674
420
447
620
422
388
701
331
407
328
407
328
406
284
447
854
492
407
383
477
617
332
406
325
406
329
405
330
407
327
407
326
406
327
304
615
534
533
327
407
328
406
330
407
272
617
330
406
296
624
331
407
332
406
330
406
331
407
331
406
330
407
330
406
330
407
330
303
484
444
615
276
360
762
330
406
316
157
610
214
453
620
407
395
496
407
272
410
490
559
326
406
407
546
330
407
328
406
329
406
334
407
329
407
274
617
534
329
407
326
405
324
407
325
407
326
406
330
406
324
308
617
534
535
326
406
328
405
325
407
276
458
623
330
406
330
407
326
406
321
405
328
407
328
406
323
407
326
407
331
405
329
406
330
407
329
407
326
405
320
406
329
405
328
407
329
406
331
405
329
406
330
407
321
407
326
406
330
407
332
407
272
617
535
534
407
362
418
875
281
669
406
386
479
615
326
406
332
309
366
448
504
456
447
851
416
473
398
477
617
329
407
326
406
324
306
617
532
323
405
326
406
325
407
277
615
532
331
405
327
330
622
326
406
327
406
330
407
325
407
330
405
328
407
329
406
330
406
329
406
329
407
276
617
532
532
324
406
328
407
330
407
324
405
330
407
329
407
328
406
319
407
328
405
329
302
616
534
328
406
328
405
331
406
329
406
322
407
329
407
328
592
425
406
327
587
408
393
367
702
366
469
445
842
495
407
406
385
700
325
407
326
407
327
407
326
407
324
406
328
407
328
406
326
407
326
406
325
407
329
405
324
406
325
303
618
534
517
330
405
407
328
406
326
407
323
406
329
407
327
407
329
407
326
407
328
405
277
615
535
534
330
362
623
329
406
328
406
326
407
329
406
327
405
325
407
332
406
329
301
618
534
535
328
321
446
848
372
474
398
477
617
325
406
326
566
329
406
327
406
272
615
326
406
330
405
329
406
325
405
328
406
281
621
665
445
692
405
387
478
617
330
407
327
407
328
406
330
406
328
406
328
407
328
405
327
407
330
407
327
407
326
405
325
406
329
406
328
407
329
407
332
405
330
406
330
406
273
617
532
284
447
882
281
728
405
385
479
617
329
303
623
327
407
321
407
327
407
326
406
329
406
323
407
329
407
330
405
328
406
331
406
324
405
327
406
635
549
328
406
325
406
326
407
326
407
328
406
328
406
331
407
327
405
327
407
327
406
328
407
322
407
328
304
621
624
532
331
406
306
623
326
406
329
407
328
407
327
407
328
406
325
407
327
407
326
407
328
407
327
406
326
407
329
408
330
406
323
606
532
535
333
406
328
407
328
406
324
406
326
407
329
406
327
406
328
406
327
405
323
407
273
406
617
542
407
406
332
405
678
331
407
328
407
330
406
325
344
364
613
310
754
282
356
451
847
371
473
383
496
611
331
406
326
405
327
406
325
405
328
407
328
405
330
405
330
406
329
407
328
405
319
407
288
609
534
535
329
407
330
405
327
406
325
377
447
898
281
685
405
386
478
617
330
407
330
406
272
615
333
405
328
405
328
406
330
406
321
405
328
406
328
406
322
407
327
406
331
406
327
406
328
406
327
406
328
407
334
407
329
406
328
407
327
407
324
407
328
406
331
406
328
406
329
302
617
534
533
532
327
407
328
406
328
407
330
406
328
406
323
305
617
535
328
399
469
332
346
791
630
280
474
376
473
407
329
407
331
406
323
309
619
365
504
448
701
624
287
479
615
330
405
329
406
320
407
329
406
330
405
327
407
331
406
329
565
622
533
331
406
325
407
326
407
330
407
315
624
365
462
331
407
328
407
333
406
276
617
534
325
405
328
406
328
406
324
406
325
407
325
405
326
406
329
407
326
407
329
407
325
406
328
407
277
617
532
535
329
406
329
407
330
406
329
406
329
407
327
407
330
405
327
406
333
405
327
407
332
407
332
407
328
406
327
407
326
407
330
407
330
406
327
406
334
406
331
298
617
535
532
533
328
308
692
282
504
449
357
701
287
479
617
327
407
329
405
330
406
329
406
331
406
329
407
329
407
329
406
328
406
329
407
271
615
535
532
330
356
623
324
406
328
405
327
407
326
406
325
311
807
377
446
621
405
382
479
617
327
352
623
325
407
329
405
326
406
327
582
533
275
621
329
405
334
407
326
407
328
621
331
407
277
615
330
406
328
406
376
621
329
598
328
406
324
406
326
407
329
407
329
407
330
406
325
407
326
407
322
407
330
407
326
407
327
406
331
406
318
623
534
535
329
406
327
407
332
407
325
407
332
407
328
405
274
615
534
328
373
600
791
1872
1287
2129
979
1265
1258
534
281
117
616
277
762
534
327
1152
641
539
327
724
467
406
327
406
274
615
532
327
407
331
405
330
407
330
406
321
568
329
405
328
406
643
1123
356
617
532
330
406
329
406
331
407
329
300
902
469
406
329
407
325
308
619
589
441
358
473
395
494
407
328
407
333
406
326
407
329
407
326
407
328
324
690
534
327
407
328
406
330
569
329
405
329
406
330
742
327
406
329
406
329
376
417
709
1315
564
739
438
617
327
686
407
405
474
345
663
442
472
595
331
407
330
405
331
721
534
533
638
332
407
321
406
328
406
325
406
332
405
329
406
330
406
325
580
624
535
326
405
325
406
323
406
330
407
327
407
271
617
535
330
406
330
405
326
406
282
175
617
279
642
535
329
407
331
405
329
406
330
406
333
297
617
416
671
422
446
621
423
418
635
329
406
806
330
407
329
406
331
407
325
406
323
406
327
407
328
406
332
405
327
310
473
407
330
407
323
406
322
405
328
407
331
405
329
406
331
407
328
407
328
406
329
406
328
406
326
406
323
406
327
406
328
406
330
406
329
406
329
406
327
405
327
407
334
406
328
406
325
407
329
407
329
407
327
406
327
407
328
407
295
546
450
397
453
417
420
385
555
457
423
416
439
488
392
379
461
373
386
363
373
289
358
129
504
281
358
613
275
372
157
616
279
376
367
154
361
151
361
398
374
395
363
429
615
367
529
322
379
390
358
623
329
407
330
406
354
408
329
406
279
615
535
278
420
621
278
636
330
386
366
672
329
407
278
560
411
329
339
615
329
567
327
406
327
306
396
622
325
407
331
363
535
534
328
407
312
615
335
407
334
299
615
407
406
407
327
406
323
406
324
304
617
535
328
406
322
535
330
405
325
407
279
615
327
407
329
406
329
407
332
406
305
535
534
331
407
304
614
329
407
331
405
327
406
326
407
329
307
615
535
324
406
564
330
406
330
406
275
613
327
405
330
301
615
327
567
330
406
332
298
617
278
679
333
407
327
406
279
615
330
407
321
407
327
406
327
407
312
534
535
326
406
290
615
329
406
330
406
328
406
330
605
329
406
329
407
327
584
329
407
327
302
618
327
406
328
406
327
406
330
397
841
540
473
399
477
514
534
329
407
321
407
323
408
325
407
328
407
329
407
329
406
329
304
615
534
535
327
407
330
406
327
407
328
405
327
407
325
308
534
328
406
326
407
324
406
324
407
329
405
327
406
329
407
329
406
277
617
535
532
285
376
624
302
635
287
478
358
618
330
405
327
407
324
406
331
406
328
406
326
407
330
406
327
406
325
406
327
406
329
407
329
406
335
405
329
406
329
406
277
617
535
534
330
406
329
306
613
327
407
328
405
332
406
329
405
328
375
628
536
328
407
284
614
277
472
407
334
406
327
528
530
407
406
329
407
324
407
327
306
615
330
406
338
472
407
328
407
272
615
533
330
406
331
406
328
406
331
405
326
406
332
405
326
407
329
405
330
407
330
407
329
406
330
407
328
406
326
407
327
406
329
407
328
406
331
406
333
407
330
405
328
407
328
407
328
407
330
307
408
405
360
359
369
357
101
394
367
356
361
463
369
358
364
360
400
394
424
364
405
491
461
375
357
370
465
352
520
484
375
372
377
395
609
443
380
101
366
361
367
460
408
371
356
608
534
327
403
385
460
426
360
401
372
417
359
358
356
373
372
395
435
381
365
363
398
369
616
284
357
359
366
451
405
371
441
355
441
453
367
361
426
473
275
365
380
375
358
532
638
277
376
373
635
331
310
366
436
365
608
328
391
393
356
389
357
378
355
360
429
490
133
500
378
406
577
456
372
453
490
418
358
383
369
357
617
328
405
278
617
328
405
325
405
331
407
328
406
321
405
407
406
325
405
329
407
327
406
325
405
326
370
365
447
887
280
671
405
401
479
617
327
407
331
406
327
407
330
406
327
407
322
407
326
406
334
407
328
406
331
406
330
406
330
407
328
407
331
405
276
615
534
533
327
406
331
406
329
407
329
407
330
406
329
405
329
407
326
405
326
386
623
535
328
406
330
405
329
406
327
407
330
406
277
617
534
330
407
330
406
329
302
615
534
273
615
326
406
276
617
331
301
615
328
406
325
407
328
406
328
407
326
406
330
406
329
406
322
406
326
406
327
406
331
407
330
406
328
316
612
534
535
328
406
327
406
329
407
329
407
328
407
326
406
326
407
328
316
624
532
535
328
298
617
326
406
336
406
328
407
329
407
330
324
856
281
439
445
473
407
329
406
331
406
332
406
332
407
327
407
324
407
276
617
532
535
330
407
329
406
328
405
324
407
328
405
330
406
328
406
327
406
332
407
330
407
328
407
329
299
617
535
534
328
406
328
407
328
406
328
406
327
405
330
406
277
615
533
326
328
544
327
406
355
622
328
405
329
406
277
617
329
306
614
406
569
332
570
328
302
618
534
329
569
330
405
329
407
329
406
330
407
328
406
332
406
468
407
330
407
328
302
615
533
532
328
405
329
406
327
407
329
407
324
407
285
446
844
371
635
390
705
330
405
326
406
329
304
572
352
645
641
457
498
615
416
487
511
406
327
406
327
580
272
615
332
407
329
407
325
406
329
406
333
406
325
407
326
407
326
407
331
406
327
406
329
407
328
407
330
406
327
407
327
406
327
609
533
532
329
407
326
406
329
407
328
407
278
617
532
327
406
331
407
334
298
616
533
328
406
329
406
330
407
325
407
327
406
328
407
323
407
329
406
329
407
330
405
332
406
327
407
325
407
327
407
329
406
329
406
327
405
277
616
623
534
328
406
317
623
327
407
325
405
325
407
323
406
328
406
329
406
327
406
329
406
326
405
329
405
329
407
329
407
328
407
330
406
333
408
329
406
328
302
617
534
511
418
331
464
325
406
327
475
407
324
617
327
406
326
407
327
407
407
324
407
326
407
325
407
327
407
326
406
328
406
330
405
327
406
328
405
326
406
327
406
325
406
326
407
330
407
330
406
330
405
277
617
534
534
330
406
330
406
330
405
331
406
330
405
331
406
332
406
326
406
326
407
328
406
325
406
328
405
327
302
621
534
391
621
330
406
328
407
326
406
328
407
326
407
322
394
624
534
331
407
329
405
329
406
327
407
326
406
321
406
319
407
323
405
329
406
330
406
330
405
330
406
330
406
327
405
327
406
328
406
327
406
327
407
323
406
328
407
325
405
282
447
885
366
391
479
949
425
473
383
477
618
331
407
328
406
327
406
327
306
617
532
328
406
324
406
326
406
327
406
326
406
327
405
327
407
329
406
330
406
327
305
618
326
407
326
405
328
375
624
534
332
406
326
407
327
407
327
569
277
758
468
405
469
406
329
405
469
406
325
306
617
535
326
407
330
569
328
407
328
406
328
406
327
407
327
407
330
406
333
406
326
378
623
679
331
304
671
308
514
482
368
474
381
495
406
331
406
328
406
326
406
329
405
327
407
329
405
325
407
320
407
321
406
325
407
328
405
326
304
762
534
533
330
407
326
406
323
406
321
406
324
406
327
407
324
405
325
406
327
407
327
406
332
406
329
407
326
407
330
406
323
406
329
406
326
407
327
405
328
407
329
407
326
406
327
407
327
406
325
406
327
405
326
406
329
407
321
406
326
407
326
407
330
407
329
407
328
406
330
406
329
407
330
407
326
470
623
532
533
534
328
405
326
406
328
406
329
407
328
406
329
406
328
406
333
406
328
406
327
405
324
406
323
407
328
309
359
708
507
625
320
397
478
406
327
407
324
615
534
278
566
330
406
292
366
447
892
431
693
405
386
480
617
326
406
327
407
328
411
474
353
621
329
406
330
405
331
407
327
407
326
407
329
406
327
301
617
534
535
327
407
326
407
326
407
329
304
617
532
329
407
328
406
327
309
780
365
446
621
407
383
478
618
326
407
326
370
623
330
407
330
407
328
407
333
406
332
406
327
407
330
405
325
406
328
405
328
407
329
407
328
407
330
406
327
570
329
406
329
407
284
446
502
445
619
650
389
628
327
407
326
407
326
408
331
405
327
407
328
405
329
407
331
407
284
374
356
896
280
682
366
492
512
406
325
306
760
328
314
472
406
300
380
483
355
374
612
626
328
405
283
449
505
449
358
701
288
480
615
331
406
333
405
327
407
325
406
329
405
328
407
328
344
623
535
328
406
330
406
325
406
329
406
326
407
326
406
324
407
328
406
330
406
329
406
327
407
329
405
328
407
328
407
328
406
327
405
328
407
331
407
328
406
330
405
331
407
327
405
330
406
328
406
330
406
329
407
329
406
329
406
330
406
327
407
327
407
285
448
893
367
621
407
386
480
356
617
326
406
331
407
324
405
327
407
329
406
326
405
326
406
329
304
617
535
534
326
407
329
312
621
326
406
323
407
326
406
329
406
289
621
535
329
407
332
405
328
405
327
406
313
597
532
280
616
328
406
327
407
328
406
321
406
328
407
326
406
331
405
326
405
329
584
622
534
275
618
328
405
333
407
328
407
325
406
332
407
329
599
623
328
407
328
407
276
615
327
406
326
406
328
302
615
535
329
406
329
407
325
407
327
406
333
406
329
406
328
407
326
406
327
406
287
377
702
337
699
282
496
406
331
406
327
407
325
405
330
406
330
406
328
407
330
406
329
406
329
407
325
407
324
406
328
407
326
407
329
407
333
406
330
407
329
406
275
617
535
534
330
406
326
407
326
405
332
407
326
407
327
405
326
407
328
405
329
406
328
406
329
406
332
405
325
407
330
407
319
407
329
405
325
406
327
405
325
407
323
405
328
301
617
534
535
532
329
406
330
405
330
353
376
365
448
892
281
679
407
385
480
617
327
406
329
405
325
407
320
406
330
407
326
406
328
406
326
406
330
407
329
406
326
406
327
406
326
407
330
407
282
443
763
279
474
376
474
406
330
406
324
407
332
407
330
406
276
358
701
533
467
405
329
406
369
447
674
406
403
518
405
407
327
405
329
302
617
534
328
405
324
407
328
406
327
407
327
407
328
406
331
405
328
405
329
405
328
406
327
407
328
406
331
406
330
407
334
406
326
407
323
406
330
407
330
407
328
407
324
589
534
534
329
407
328
405
329
407
331
406
326
406
331
406
326
406
323
407
327
406
333
406
328
406
323
406
327
406
328
406
329
303
367
448
504
448
357
530
462
480
615
327
406
324
405
324
405
326
406
328
406
330
406
328
405
330
405
334
407
331
405
333
405
326
406
327
407
328
407
326
406
329
406
329
407
329
407
330
405
324
406
330
406
332
405
328
405
324
407
329
406
328
406
330
406
329
407
327
406
326
407
331
406
366
450
893
367
619
371
454
635
445
452
405
393
480
406
325
407
325
406
331
407
332
406
327
305
617
532
327
407
329
406
330
405
328
407
330
406
327
407
327
303
617
535
534
330
407
325
405
330
405
328
407
325
407
328
406
327
407
327
407
328
405
325
405
328
407
325
407
329
407
332
406
336
406
328
307
615
534
534
326
407
328
407
327
407
328
407
330
407
328
407
330
407
325
407
329
405
328
405
332
406
328
406
327
406
328
391
623
534
535
331
407
326
406
325
406
330
407
322
407
326
407
326
406
328
406
330
406
332
407
326
406
324
407
327
406
328
406
325
405
327
406
328
405
326
405
326
305
618
534
532
535
326
406
329
301
357
615
534
326
406
328
405
330
406
331
407
327
406
327
407
331
407
329
405
327
407
282
617
533
534
329
406
326
406
328
332
623
334
406
325
406
328
348
445
833
351
473
397
478
617
333
405
329
407
329
407
324
406
328
406
329
406
328
406
328
407
330
407
324
407
328
362
446
892
281
678
407
401
480
615
327
373
621
326
407
323
405
276
616
327
407
326
406
331
407
331
405
334
400
329
407
328
406
329
563
331
406
327
407
328
406
330
405
329
405
329
406
331
407
323
406
329
407
329
407
330
407
330
406
329
406
333
407
330
406
328
407
326
406
326
406
328
405
328
406
329
406
329
406
328
406
329
406
329
364
621
535
534
327
405
327
406
406
407
330
406
330
406
328
407
329
405
328
405
327
406
326
406
330
405
330
407
327
406
329
626
532
533
329
405
326
405
328
407
327
406
328
407
330
406
328
405
333
407
284
855
635
406
624
327
405
281
361
444
617
469
405
367
632
281
657
406
379
673
332
407
323
310
377
832
279
618
368
401
633
446
620
424
414
632
327
406
326
406
331
405
330
407
328
407
329
362
621
533
332
406
328
406
330
407
330
406
328
407
327
406
332
406
281
366
449
504
448
358
378
470
967
288
358
473
380
472
406
320
365
448
893
365
621
406
386
480
617
326
406
327
406
273
616
276
616
280
614
331
571
323
406
327
319
366
448
832
364
620
407
400
479
617
327
406
327
407
328
406
329
406
328
406
328
407
325
405
327
405
327
406
328
406
330
406
328
406
330
406
328
407
326
405
330
406
326
406
326
407
330
406
329
406
327
405
326
405
324
406
328
406
326
407
326
406
326
407
324
407
322
630
534
535
326
405
324
407
328
406
331
406
328
300
625
535
325
602
327
407
326
407
326
406
333
406
284
446
841
279
520
398
476
433
446
835
279
521
398
478
617
326
406
328
405
329
406
327
406
327
405
326
406
329
407
328
405
330
406
330
406
327
407
330
406
325
407
330
406
276
617
534
534
326
406
329
407
329
407
330
406
330
407
329
407
327
407
328
407
330
406
331
407
329
407
329
320
621
274
617
533
325
303
615
293
449
850
378
546
649
437
672
406
399
479
617
329
405
329
406
328
407
330
304
618
516
447
679
407
386
480
474
407
330
405
332
406
326
406
334
406
326
407
327
405
328
405
327
406
328
405
328
406
327
406
325
407
327
406
326
407
327
363
623
535
534
323
406
328
406
282
628
559
456
675
407
379
495
407
330
406
328
407
327
407
331
406
321
407
325
407
326
407
326
669
421
447
620
424
371
699
331
407
329
407
334
407
330
406
328
407
329
406
281
796
549
473
382
489
615
328
405
326
406
329
405
327
407
406
407
328
407
272
617
533
327
405
327
406
325
405
337
634
328
406
330
407
327
406
324
406
328
406
329
406
331
406
331
406
271
617
533
534
330
407
329
406
328
407
330
406
328
406
329
405
327
407
328
406
330
406
330
407
330
407
329
406
330
407
333
407
328
406
328
407
331
406
328
407
322
407
328
406
330
406
329
407
281
698
281
504
448
358
701
281
496
407
326
359
366
447
640
453
453
407
401
637
441
838
430
410
610
559
530
480
380
496
676
406
405
324
407
329
406
328
407
322
407
328
405
330
407
328
312
446
615
278
447
620
406
382
486
620
561
456
689
407
385
480
617
328
407
327
302
617
332
407
331
340
445
836
279
521
397
476
618
323
406
323
407
325
407
325
407
325
407
326
406
330
407
331
406
281
628
786
363
448
378
609
280
496
406
329
407
329
406
278
617
534
325
407
329
406
329
405
330
407
281
656
563
457
695
407
386
480
615
276
615
328
406
328
407
328
406
332
407
326
405
327
407
326
406
327
405
327
407
329
405
330
406
334
406
321
407
327
406
279
854
279
472
375
474
406
330
406
329
406
333
407
323
407
326
407
327
406
330
405
329
406
327
406
326
406
328
406
282
669
282
505
439
366
702
280
474
405
331
406
326
407
281
384
610
641
452
639
396
490
517
407
330
344
621
329
406
332
406
331
406
322
407
326
407
325
406
327
406
327
406
329
405
329
372
466
1033
184
487
709
294
541
407
328
406
328
406
329
407
330
407
329
406
330
405
331
406
327
406
330
406
330
406
326
406
327
407
329
406
326
407
324
407
282
621
535
534
328
407
330
406
332
405
326
407
329
407
332
406
327
405
329
406
328
407
328
407
329
407
325
407
327
406
329
593
625
419
450
329
406
326
406
329
407
329
407
325
406
283
612
278
758
325
376
359
681
465
570
406
374
495
407
325
407
323
324
621
532
277
853
406
448
447
874
365
438
629
381
658
407
368
440
364
698
289
491
448
835
502
406
412
495
405
328
407
328
407
329
405
325
407
327
405
328
406
329
407
327
406
328
406
330
406
329
380
449
505
452
358
701
304
481
617
328
375
366
448
874
279
690
407
400
517
322
375
833
280
619
406
421
429
875
280
685
407
385
517
406
322
405
326
407
327
407
329
406
332
405
331
407
326
407
325
406
331
399
272
617
533
534
271
618
324
407
323
405
330
407
327
407
326
407
330
406
325
405
324
406
332
406
330
407
323
407
327
407
327
407
326
402
366
447
503
615
459
707
287
446
449
874
365
621
371
689
512
451
407
329
406
329
406
329
406
327
308
526
707
327
407
469
406
329
406
608
277
447
424
482
685
473
375
403
446
837
279
520
382
476
615
324
406
324
406
329
407
326
405
319
407
327
407
329
407
327
407
330
406
327
407
329
406
329
407
329
407
327
407
329
407
333
406
327
406
406
334
406
330
405
328
406
326
407
325
407
326
406
327
600
647
534
330
406
327
309
758
376
446
620
423
461
369
529
451
398
539
491
368
609
281
496
344
365
448
884
282
688
406
401
517
405
332
407
327
406
326
406
326
304
615
312
370
671
379
625
301
621
406
380
495
406
330
406
329
407
327
406
328
407
324
407
331
407
329
406
327
407
334
407
328
407
328
305
617
532
534
325
406
325
406
329
407
327
335
789
548
474
447
406
407
394
365
447
875
280
689
407
386
480
617
329
406
330
406
280
445
839
278
521
398
477
617
293
442
763
406
406
451
406
328
406
327
407
329
303
618
532
329
405
326
407
328
308
617
532
329
406
330
407
330
406
334
406
330
406
330
406
330
406
328
406
329
407
329
371
621
534
327
405
330
407
327
398
691
329
407
325
309
533
379
913
465
630
457
439
693
329
407
330
406
331
406
326
406
328
406
328
405
330
407
327
407
329
407
333
405
329
407
278
617
534
535
332
407
328
406
327
405
324
407
325
333
365
380
504
450
358
701
299
496
406
328
321
380
446
512
449
357
701
304
516
406
327
405
328
406
278
617
534
323
317
448
508
462
932
468
411
495
407
322
406
330
313
366
448
893
365
601
407
378
495
405
327
407
328
407
327
308
784
364
446
618
424
127
405
407
325
624
326
407
284
854
407
424
605
283
690
281
875
365
620
406
378
496
406
330
406
328
407
330
407
328
406
327
405
327
406
327
407
330
405
330
406
328
109
406
361
682
330
406
330
407
329
407
329
303
615
535
327
407
327
405
290
367
446
833
370
473
398
477
617
327
407
327
406
329
405
327
407
277
617
534
328
407
324
406
328
406
327
407
327
406
327
406
328
407
326
406
329
405
328
299
615
535
532
330
406
325
405
328
406
328
407
330
406
325
406
323
406
326
405
329
407
329
406
275
617
326
334
442
764
406
406
622
326
407
331
405
330
407
330
406
328
405
329
364
365
448
524
457
528
443
455
479
465
449
446
847
295
719
281
495
405
281
394
469
1052
563
395
477
532
617
468
378
488
430
622
406
378
429
788
550
472
374
496
406
331
407
329
405
327
407
324
407
325
407
327
407
326
405
327
406
329
407
327
338
362
618
534
535
280
619
582
444
378
609
289
481
617
329
406
329
406
284
447
504
448
461
440
712
372
473
398
478
418
365
617
328
405
323
406
328
407
331
407
330
406
324
405
330
406
326
407
329
406
326
407
334
406
329
406
282
614
277
758
317
465
367
473
381
497
406
276
614
406
568
287
588
643
474
374
496
407
482
406
328
406
330
407
331
598
326
407
326
407
274
611
574
326
406
329
405
328
405
327
407
327
407
327
406
330
407
326
405
327
449
670
420
447
619
424
375
755
534
328
407
323
406
327
407
325
406
324
406
326
406
329
300
364
416
469
716
459
685
453
420
924
403
408
485
503
449
357
702
287
518
407
330
407
322
406
326
406
326
406
328
406
328
407
324
311
867
325
407
330
406
332
407
331
406
330
407
322
405
407
406
326
407
328
407
330
405
326
406
323
406
326
407
283
806
378
445
618
406
383
477
618
329
405
326
406
281
624
334
406
291
366
448
890
280
677
406
384
481
596
329
401
583
448
652
568
252
374
541
406
330
406
277
615
534
330
407
325
406
328
406
331
407
324
406
327
407
324
408
328
406
327
407
328
406
328
406
328
573
623
532
328
405
323
406
326
315
469
777
811
280
461
516
406
407
331
407
328
407
329
406
32
356
446
703
332
702
288
496
407
332
405
328
406
326
306
360
620
327
407
323
406
327
406
329
405
329
407
332
298
617
363
788
630
405
424
603
331
406
330
406
330
405
329
407
326
405
328
405
333
406
329
406
331
407
331
406
331
360
448
648
457
867
452
786
407
396
474
406
330
407
326
408
326
356
623
535
331
406
330
407
325
406
274
622
534
330
406
288
365
448
897
290
680
364
466
483
363
446
612
451
631
283
463
536
454
434
459
612
328
405
276
622
324
306
614
281
359
421
417
612
330
405
327
587
332
303
614
329
595
329
568
328
406
271
616
277
621
327
339
365
433
884
365
621
405
386
439
616
330
406
326
407
329
407
327
407
328
405
330
305
612
533
329
407
282
621
421
498
474
398
477
617
328
567
328
407
329
406
327
406
328
406
329
407
322
322
623
469
367
466
779
280
655
406
395
460
360
613
329
406
319
407
325
406
329
407
295
444
588
479
885
405
424
379
496
407
333
406
324
406
327
407
322
406
327
406
281
637
348
366
448
690
407
395
495
407
335
406
326
407
328
407
330
406
329
407
325
406
279
619
281
504
449
357
701
286
518
406
316
613
329
303
617
324
850
405
406
624
330
387
438
364
446
528
659
515
461
512
466
407
330
407
328
405
328
406
326
407
328
325
453
621
535
328
405
328
407
331
406
329
406
327
407
329
405
327
405
321
407
326
407
326
405
328
406
330
406
327
405
330
406
329
407
332
406
330
407
329
406
324
331
837
536
472
397
478
617
329
407
330
406
328
407
330
308
356
448
504
448
357
445
414
665
457
358
701
286
481
616
331
406
323
406
330
406
326
407
330
407
332
407
324
407
331
407
330
405
325
406
329
309
684
714
668
421
368
473
382
494
407
330
406
336
407
332
407
330
406
328
407
327
407
326
406
328
407
275
617
532
535
331
406
325
406
293
623
329
407
329
406
270
616
329
406
329
407
326
407
330
406
328
406
334
734
627
407
407
623
329
405
328
406
328
406
326
380
447
752
432
611
543
511
397
477
618
327
406
324
406
327
407
325
405
328
407
327
406
321
407
326
406
327
407
329
406
330
406
330
406
280
420
507
502
538
842
529
395
497
496
325
376
840
859
407
383
478
617
328
406
327
406
329
407
330
405
328
405
323
407
328
407
329
407
330
406
329
405
328
406
327
407
333
406
331
407
328
405
331
407
330
406
325
369
623
534
535
323
406
325
406
331
406
333
413
326
406
329
407
330
406
329
407
332
300
615
534
534
330
406
328
406
286
678
437
768
321
620
406
387
480
617
329
406
330
407
333
406
330
406
329
407
328
406
329
407
330
407
331
406
328
315
441
763
637
405
624
330
407
332
406
31
359
380
831
528
753
407
446
531
605
330
398
837
279
520
398
478
615
328
406
330
407
276
617
330
405
329
407
328
565
331
406
330
407
329
299
616
282
695
281
504
448
358
447
432
635
444
620
407
423
487
407
326
406
327
407
328
406
327
406
327
407
325
407
326
407
331
407
328
405
327
406
325
405
327
407
326
569
279
701
326
406
328
489
367
467
505
449
358
701
296
447
624
296
454
460
310
615
328
407
327
405
331
405
330
406
330
406
328
407
329
405
325
407
319
317
177
448
895
367
619
275
394
495
405
329
405
319
406
324
406
323
407
326
406
328
407
275
615
534
533
282
876
591
132
357
888
373
382
610
378
494
406
333
406
332
406
328
406
329
407
331
406
405
407
407
328
309
665
281
507
447
176
407
393
430
664
421
370
450
478
615
328
406
328
407
325
406
327
621
327
320
622
323
407
271
617
328
405
325
407
327
407
326
406
328
407
328
311
446
838
279
522
397
478
617
327
405
324
407
326
407
329
407
330
407
328
407
329
405
331
407
326
407
329
405
327
405
327
406
327
407
328
405
330
407
330
407
328
407
275
616
534
533
328
406
328
327
366
448
897
281
667
377
487
638
448
687
406
386
519
406
324
406
328
405
330
406
327
405
330
405
328
406
332
406
285
691
282
503
450
358
701
281
496
405
330
405
327
407
327
405
328
406
319
346
789
548
472
375
495
406
330
406
328
406
328
405
327
406
330
405
331
406
330
405
327
405
329
406
332
406
328
406
326
406
329
407
330
407
330
407
328
407
330
405
325
407
279
377
688
278
644
618
407
395
459
407
540
328
406
328
312
687
504
768
320
393
624
487
552
472
397
477
617
329
407
330
307
698
571
456
378
609
287
481
382
623
329
406
327
405
324
407
324
406
334
400
329
405
330
407
330
406
333
406
328
407
328
406
327
407
284
448
895
440
474
380
496
405
329
407
327
406
330
406
327
406
330
406
329
406
328
406
331
405
331
407
327
405
329
407
331
405
332
405
330
406
326
407
275
617
534
533
327
407
327
406
331
406
328
407
332
406
324
406
330
406
331
406
322
407
325
405
329
406
328
406
327
407
325
406
330
408
332
406
326
406
328
407
331
405
330
407
329
787
636
127
356
451
504
448
358
700
280
496
407
329
405
323
405
326
407
328
351
447
503
448
388
377
416
782
398
850
423
511
397
478
615
331
407
325
406
282
783
365
446
620
406
407
485
405
325
406
333
407
327
406
328
406
326
302
616
533
329
302
616
327
406
332
406
328
405
326
406
331
406
326
405
326
406
330
320
792
626
472
392
473
407
325
406
328
407
325
406
327
406
328
307
612
276
386
448
505
448
764
405
387
481
617
329
406
328
305
790
703
476
450
324
472
336
448
504
448
379
609
280
496
405
329
407
328
406
329
384
623
325
407
328
406
330
406
328
406
327
407
327
407
329
407
326
405
327
407
328
405
326
406
327
406
329
406
325
407
329
406
330
406
330
406
328
406
289
442
764
636
406
624
330
406
330
407
331
405
327
407
330
406
326
406
326
405
329
405
329
406
330
407
279
620
560
464
454
848
380
496
656
629
365
651
368
417
639
443
618
424
370
698
329
406
323
405
329
406
329
406
329
406
330
407
322
406
329
407
332
405
330
406
328
407
329
406
293
624
534
534
326
406
329
406
327
407
329
406
326
406
326
407
326
406
327
406
328
407
328
407
329
407
333
406
328
405
326
406
324
569
371
493
368
386
594
646
538
524
400
520
515
406
323
405
327
407
327
407
271
616
533
326
406
326
405
327
370
615
279
619
506
432
625
407
400
481
360
616
330
406
326
407
277
615
328
406
327
407
328
407
326
406
329
407
330
313
854
637
659
407
406
327
405
325
407
326
405
328
406
325
406
328
407
325
406
326
336
623
288
588
445
615
425
604
332
406
407
326
405
332
306
537
385
735
524
640
412
498
495
406
279
782
364
616
369
472
397
479
617
284
449
504
449
358
703
281
473
407
329
407
329
406
328
406
331
406
334
407
332
405
328
407
329
406
328
407
329
405
325
405
272
617
535
534
327
406
325
406
329
405
328
407
328
407
326
406
328
406
327
407
330
407
330
406
328
407
330
407
326
406
330
407
332
406
332
407
327
407
327
306
624
532
533
329
406
281
620
557
455
682
406
385
480
617
330
405
330
406
328
407
326
406
330
406
327
407
328
407
329
405
284
854
635
406
624
329
406
329
407
329
407
326
407
328
405
326
406
280
619
658
621
366
620
405
387
481
617
328
407
333
406
324
406
330
405
330
407
328
309
657
280
504
486
379
831
651
389
421
848
281
358
473
379
474
405
328
406
328
407
325
406
321
405
294
621
533
325
407
281
446
840
279
520
383
478
617
329
407
329
407
324
407
329
406
329
407
330
304
630
989
282
358
437
466
473
324
617
327
406
330
405
331
406
327
314
669
305
737
679
365
632
279
458
668
281
872
282
690
407
395
493
406
328
407
334
405
331
405
328
407
328
406
330
576
533
315
623
330
407
332
405
326
356
623
326
615
331
407
326
451
788
630
405
406
622
325
304
617
325
407
328
406
329
407
330
406
333
406
330
406
331
407
330
407
329
406
327
405
327
407
332
407
328
407
328
406
321
406
324
407
330
406
330
406
331
407
323
406
330
405
328
405
331
405
283
622
421
446
620
423
386
695
331
407
334
405
329
405
325
407
327
406
328
407
284
447
504
448
359
701
308
481
615
328
407
329
407
326
566
282
681
281
872
364
621
407
401
480
619
327
77
973
640
738
406
407
328
405
327
407
328
307
615
535
327
407
329
406
330
406
329
407
328
407
327
406
328
386
377
429
919
286
448
635
390
514
471
357
447
872
281
689
407
385
480
452
404
366
448
503
449
357
702
305
518
407
328
406
871
627
662
406
407
327
407
334
405
325
405
407
330
405
322
406
278
617
535
330
405
330
406
326
407
329
403
534
535
328
738
627
406
425
603
333
406
273
617
328
406
328
406
322
407
328
406
330
406
330
406
331
334
365
447
749
503
380
1085
534
407
381
477
615
329
406
329
405
328
407
331
407
326
407
324
406
330
406
332
406
325
407
330
406
328
405
328
406
327
396
378
449
623
532
328
407
330
406
331
407
325
405
331
406
328
407
331
406
319
406
328
407
331
406
332
406
327
406
330
405
328
406
328
406
329
364
365
864
380
449
357
701
287
481
615
312
621
326
407
327
320
623
328
407
327
406
328
406
328
407
331
405
330
406
332
406
327
406
278
617
534
534
328
405
327
343
789
630
407
419
457
504
450
357
699
288
479
615
327
406
322
407
327
406
331
407
326
407
325
405
330
407
329
407
279
619
658
443
680
407
386
479
617
323
406
281
783
364
446
619
424
371
694
336
405
330
406
329
406
329
406
407
319
407
328
406
326
405
327
407
284
446
835
186
354
473
382
478
361
619
616
448
357
701
286
478
617
326
307
629
282
504
448
358
701
287
481
615
327
405
325
405
325
307
361
656
848
852
496
373
649
324
385
472
405
326
407
325
720
330
406
280
495
407
329
567
327
406
331
407
325
406
328
406
325
407
328
405
282
668
281
875
281
689
406
395
496
407
326
407
327
406
329
407
325
304
617
535
331
352
854
407
405
624
327
407
327
407
330
406
275
617
535
322
405
329
405
331
406
331
406
329
406
329
320
365
448
890
364
620
406
386
480
618
326
406
289
368
448
504
449
358
702
304
474
343
621
329
405
324
405
326
406
328
406
331
405
329
406
279
615
532
328
407
329
406
329
406
329
406
329
407
273
615
532
329
407
326
406
278
617
328
303
617
325
406
293
372
440
845
370
474
398
476
618
326
407
326
407
331
406
326
407
327
406
279
612
632
468
568
333
407
468
407
329
406
329
302
617
678
327
407
330
406
331
310
444
832
279
521
545
496
406
285
447
894
364
522
379
496
405
327
407
329
406
330
407
330
405
330
407
329
406
468
406
328
406
325
406
328
407
330
407
330
406
324
406
284
855
398
459
603
454
364
634
624
783
528
126
407
368
481
615
335
406
331
406
335
406
326
406
332
406
326
406
331
405
329
406
330
406
330
569
328
405
330
405
327
406
332
406
330
406
330
618
305
603
535
327
407
328
406
323
407
326
311
689
560
456
686
407
391
479
722
361
817
299
749
678
407
411
624
328
407
329
633
331
405
279
376
838
280
620
406
408
462
406
327
407
328
406
330
407
330
407
329
407
331
407
329
406
329
306
616
534
534
324
406
327
407
330
407
327
406
328
407
328
407
326
405
328
406
327
407
467
303
617
534
329
407
326
406
333
407
329
407
330
407
333
407
327
407
327
406
330
405
325
406
329
563
627
273
615
325
407
328
405
332
407
333
406
288
442
763
407
406
622
328
407
328
618
332
406
329
407
328
407
328
407
329
407
326
405
330
406
285
446
834
279
521
383
478
617
326
406
330
407
327
407
330
405
335
406
325
406
325
407
328
407
328
406
330
406
328
406
331
406
330
301
615
535
534
333
407
331
306
615
283
357
447
875
280
682
407
385
480
617
277
620
366
505
458
376
863
443
170
505
445
618
424
388
439
452
1061
490
477
378
713
798
377
379
503
449
357
699
412
433
508
404
669
589
634
368
480
617
329
407
328
407
271
617
324
407
326
407
327
405
330
405
333
367
366
379
374
449
700
623
286
495
407
327
406
276
360
620
626
331
407
330
407
329
406
278
854
406
407
624
330
407
322
407
328
406
325
406
326
407
333
406
328
407
329
405
328
407
328
407
329
406
332
301
620
328
407
327
407
329
406
329
407
330
406
327
303
617
534
328
406
329
406
328
405
329
405
330
406
328
406
332
407
327
407
326
405
324
406
329
406
329
407
330
406
328
405
328
406
330
406
332
406
326
406
330
407
327
407
329
405
328
407
329
406
326
405
323
407
330
306
795
377
447
620
406
422
465
406
329
406
283
628
420
445
620
422
428
629
330
406
332
407
326
407
329
407
328
405
327
405
330
406
327
406
328
407
322
406
326
406
327
407
328
406
328
405
296
608
331
406
326
406
328
406
337
407
327
407
328
407
328
406
325
406
329
406
329
406
327
406
331
406
278
648
686
643
696
450
391
493
363
891
281
632
567
555
399
603
613
365
621
406
385
480
617
325
407
331
407
292
364
448
898
293
455
857
434
577
395
495
406
324
407
327
406
326
407
323
407
332
407
326
406
325
407
328
406
328
407
328
393
623
534
534
325
406
332
406
322
366
447
503
449
698
407
387
494
406
327
406
328
407
330
406
320
406
321
407
327
407
328
406
328
405
328
406
329
405
323
406
331
406
331
406
330
406
330
406
325
405
327
406
327
406
323
406
325
407
326
407
335
405
327
406
325
407
328
406
332
407
327
407
327
384
624
534
534
323
406
328
405
330
405
323
407
329
406
331
407
327
406
327
406
331
407
329
406
333
406
326
406
328
406
327
377
623
534
535
321
407
325
406
322
407
327
407
333
406
330
406
297
669
421
446
620
424
434
632
373
505
473
367
450
448
485
548
667
787
374
497
474
406
328
407
276
617
535
323
406
324
407
326
406
329
405
329
405
329
407
329
407
328
405
327
406
330
388
366
448
814
280
676
406
386
480
617
336
406
277
617
329
406
329
406
285
854
407
425
603
325
406
323
406
325
406
329
405
278
358
701
534
469
406
613
276
446
662
406
401
659
333
407
326
406
325
406
323
406
325
355
623
279
615
328
407
278
619
516
501
398
511
422
653
639
449
650
407
396
495
405
325
406
327
407
323
407
328
407
306
623
534
325
407
328
407
326
310
623
573
443
685
405
395
495
407
331
406
328
406
331
407
329
407
330
406
327
407
323
405
328
407
327
405
300
606
535
534
331
406
325
406
326
385
623
273
617
328
407
288
441
761
407
406
624
270
616
326
304
619
328
406
328
406
327
406
277
618
592
439
357
475
380
495
584
336
405
333
561
327
407
328
406
326
406
328
405
329
406
325
405
330
406
328
406
326
367
667
420
445
620
423
430
627
333
406
331
406
329
406
329
406
328
406
326
407
329
407
281
636
281
375
449
696
406
386
480
361
615
333
405
332
405
330
406
328
407
331
406
331
407
325
407
331
406
325
569
628
329
406
328
407
275
617
330
406
329
407
330
406
330
406
329
405
324
393
374
852
407
425
605
330
406
277
624
328
407
326
407
327
407
332
406
332
406
270
617
534
326
302
635
329
406
329
407
334
407
327
405
324
405
333
405
326
407
326
407
328
407
326
427
443
763
407
405
624
324
406
331
407
279
627
325
405
326
312
688
281
504
455
356
450
176
451
951
281
358
473
380
494
406
328
406
285
448
893
280
565
405
386
480
422
366
447
503
448
462
442
600
535
672
418
396
495
407
329
407
327
407
328
406
328
405
328
407
331
407
330
407
332
407
332
406
271
617
535
534
328
407
329
303
615
328
406
331
406
327
405
327
407
326
407
327
406
327
406
326
407
327
406
328
407
273
360
564
623
275
619
326
406
328
307
620
365
504
448
694
407
385
480
617
327
405
325
406
328
407
329
405
337
406
331
405
322
407
329
407
329
406
327
406
275
617
534
535
327
406
327
406
325
407
331
406
328
406
328
406
331
406
328
407
327
308
676
701
368
405
329
406
324
407
328
405
324
406
329
407
323
407
328
407
326
407
323
378
621
329
406
325
407
327
407
328
311
519
445
701
366
406
330
405
324
308
615
535
331
407
325
405
328
406
328
406
326
407
324
406
327
406
329
406
328
345
623
279
630
325
568
279
702
279
645
405
397
459
504
421
335
406
323
406
326
407
331
406
328
407
330
407
328
407
281
656
595
454
358
474
380
495
407
329
406
329
407
327
407
327
406
326
407
323
343
365
447
898
281
688
407
369
485
676
280
687
407
386
517
322
621
571
456
699
405
379
496
407
327
406
326
406
327
406
330
407
329
307
642
280
875
365
621
405
385
481
615
328
407
326
406
278
456
504
448
378
610
286
479
617
330
406
329
607
322
406
271
617
320
405
328
405
328
407
325
407
326
405
330
406
326
406
324
405
328
407
326
407
328
405
329
614
535
532
331
407
329
407
332
406
324
406
324
407
326
405
326
405
326
407
326
407
327
407
333
406
329
407
330
406
330
406
329
406
323
407
326
406
330
407
327
405
330
405
329
405
326
406
333
405
330
405
330
405
328
407
325
407
329
407
330
405
325
405
329
407
329
407
279
615
535
534
535
327
407
321
406
325
406
327
407
325
406
334
407
285
855
647
126
354
617
328
407
329
406
328
407
271
615
284
356
449
504
449
408
871
287
536
454
406
328
406
331
406
329
407
327
405
330
407
330
407
330
406
330
407
326
405
330
406
332
406
328
407
328
406
321
407
328
406
325
407
322
405
323
406
330
406
319
406
325
405
324
405
278
611
534
535
532
328
406
328
407
330
406
331
406
271
617
534
327
407
330
405
333
406
326
406
326
406
331
405
302
379
471
969
400
393
563
451
651
442
475
513
365
726
327
407
329
405
328
407
326
405
324
405
328
407
328
406
329
407
327
406
328
405
331
407
332
407
326
405
328
405
323
406
330
405
331
405
326
407
331
406
281
620
559
456
679
406
385
481
615
328
407
326
406
327
406
331
406
329
406
327
407
334
407
327
405
327
406
328
406
327
406
328
407
331
405
330
407
328
407
326
300
617
534
535
329
407
326
406
272
660
327
406
328
406
325
406
328
406
325
358
367
615
534
329
406
329
406
326
407
330
406
327
405
332
407
330
406
326
406
325
407
328
407
331
405
327
406
329
407
331
406
330
344
623
535
534
328
406
327
406
327
406
327
406
330
406
326
406
280
860
405
435
494
593
327
307
614
281
614
278
362
474
333
735
278
704
285
635
366
461
444
619
325
580
331
407
326
406
330
405
329
406
329
360
621
535
326
407
328
405
329
305
614
535
329
406
329
407
329
405
329
406
277
570
623
330
406
329
405
281
618
568
619
365
522
380
494
406
328
407
330
406
331
406
329
406
329
407
330
406
283
615
534
535
329
407
329
406
330
299
363
624
280
834
365
621
406
371
496
395
###################### Average Latency of 10000 DELETE operation is: 408 ms #######################